 

stn;time;fu3010d1;t12200ds;rka150d0;ure200d0;hto000d0;su2000d0;fhh010dx
KLO;20220401;36.7;2.9;12.4;93.3;0;0.0;5.5
KLO;20220402;29.2;0.5;3.2;89.4;2;0.0;4.4
KLO;20220403;36.0;2.2;0.0;76.7;1;2.4;5.6
KLO;20220404;43.6;6.2;0.0;64.0;0;9.6;6.1
KLO;20220405;32.4;10.1;0.0;64.4;0;0.0;4.9
KLO;20220406;39.2;15.2;1.3;72.2;0;5.9;5.0
KLO;20220407;88.6;10.8;17.2;73.5;0;0.8;13.1
KLO;20220408;89.6;13.5;11.4;76.6;0;0.2;12.2
KLO;20220409;82.1;6.9;2.8;71.1;0;5.2;11.8
KLO;20220410;32.8;9.6;0.1;65.2;0;10.3;3.7
KLO;20220411;20.5;13.6;0.0;61.4;0;10.9;3.1
KLO;20220412;15.5;18.5;0.0;63.0;0;9.9;2.6
KLO;20220413;27.4;20.2;0.0;61.2;0;10.9;3.9
KLO;20220414;29.5;21.0;0.0;65.2;0;11.6;4.8
KLO;20220415;36.4;19.0;2.5;65.7;0;4.1;5.9
KLO;20220416;55.4;14.3;0.0;60.3;0;7.3;10.6
KLO;20220417;57.2;14.1;0.0;44.5;0;12.8;9.1
KLO;20220418;32.4;15.1;0.0;50.8;0;12.9;4.3
KLO;20220419;41.8;16.8;0.0;52.1;0;11.3;6.4
KLO;20220420;41.8;14.9;0.0;49.9;0;12.1;6.7
KLO;20220421;43.9;16.8;0.0;51.9;0;12.8;6.6
KLO;20220422;26.6;15.9;0.0;67.4;0;11.3;4.2
KLO;20220423;33.1;12.4;0.0;76.8;0;0.3;5.8
KLO;20220424;64.1;10.6;18.7;86.0;0;0.0;8.2
KLO;20220425;35.3;11.0;4.7;86.9;0;1.1;4.9
KLO;20220426;42.1;10.6;19.8;86.2;0;2.9;5.1
KLO;20220427;38.5;14.3;0.0;72.3;0;10.9;6.5
KLO;20220428;44.3;17.1;0.0;61.1;0;13.3;6.4
KLO;20220429;22.0;17.9;0.0;59.7;0;8.5;3.2
KLO;20220430;43.9;12.6;8.1;82.2;0;1.5;5.3
KLO;20220501;24.5;13.9;0.0;73.3;0;9.3;3.6
KLO;20220502;28.4;17.4;0.0;67.4;0;11.8;3.8
KLO;20220503;43.2;19.2;2.3;76.3;0;6.5;7.6
KLO;20220504;37.1;19.4;0.2;76.7;0;5.6;5.0
KLO;20220505;30.6;13.6;27.8;89.8;0;0.0;5.0
KLO;20220506;26.3;13.3;7.4;88.5;0;0.0;3.9
KLO;20220507;38.5;17.4;0.7;81.8;0;1.3;4.7
KLO;20220508;35.6;16.8;0.0;74.8;0;0.7;5.3
KLO;20220509;31.0;18.8;0.0;73.7;0;7.8;4.3
KLO;20220510;24.5;22.8;0.0;70.3;0;10.3;3.2
KLO;20220511;50.4;25.6;0.0;57.7;0;13.7;6.9
KLO;20220512;54.0;25.0;0.3;51.5;0;9.9;7.3
KLO;20220513;31.0;18.2;0.1;79.5;0;1.4;4.3
KLO;20220514;18.0;22.6;0.0;66.5;0;12.7;2.3
KLO;20220515;46.4;24.5;0.3;64.8;0;13.3;5.1
KLO;20220516;37.4;22.4;0.0;68.8;0;7.7;5.6
KLO;20220517;25.9;24.3;0.0;66.8;0;13.7;4.3
KLO;20220518;34.2;26.1;0.0;58.5;0;14.0;5.3
KLO;20220519;66.2;28.9;0.0;64.6;0;9.3;6.1
KLO;20220520;55.4;28.8;0.0;57.9;0;12.1;7.4
KLO;20220521;40.0;22.9;1.0;68.5;0;7.6;5.9
KLO;20220522;20.9;21.5;0.1;73.8;0;2.2;3.8
KLO;20220523;51.8;24.8;7.6;82.5;0;4.9;7.3
KLO;20220524;49.3;14.9;2.7;80.0;0;0.0;5.1
KLO;20220525;23.8;19.0;1.1;69.3;0;7.5;3.2
KLO;20220526;33.1;20.0;0.0;64.1;0;10.0;4.5
KLO;20220527;42.8;20.0;0.0;67.6;0;12.9;6.8
KLO;20220528;36.4;17.4;0.0;57.2;0;6.5;5.3
KLO;20220529;42.1;14.2;0.0;60.5;0;8.4;7.1
KLO;20220530;29.5;17.8;0.0;56.4;0;14.5;4.3
KLO;20220531;51.1;17.0;0.3;68.7;0;4.0;7.1
KLO;20220601;26.3;18.9;2.2;83.6;0;1.2;3.2
KLO;20220602;22.7;21.2;0.0;81.3;0;4.7;3.8
KLO;20220603;41.0;24.6;0.3;82.3;0;5.6;5.8
KLO;20220604;50.0;25.8;3.1;69.2;0;10.6;5.9
KLO;20220605;42.1;17.8;15.0;86.6;0;2.0;5.0
KLO;20220606;30.2;22.4;0.6;76.5;0;7.0;4.4
KLO;20220607;34.2;17.7;8.1;83.3;0;2.8;4.4
KLO;20220608;43.9;21.3;2.1;79.7;0;7.3;5.9
KLO;20220609;49.7;17.8;1.5;76.9;0;4.6;6.2
KLO;20220610;32.4;20.8;0.0;69.3;0;14.7;4.5
KLO;20220611;22.3;23.9;0.0;63.5;0;14.8;2.2
KLO;20220612;62.3;26.9;2.0;60.8;0;13.9;4.3
KLO;20220613;34.9;23.9;1.6;63.1;0;9.7;4.4
KLO;20220614;30.6;24.5;0.0;57.8;0;13.5;5.1
KLO;20220615;27.0;28.4;0.0;60.1;0;11.7;3.4
KLO;20220616;46.8;29.3;0.7;59.5;0;13.2;6.4
KLO;20220617;31.7;28.3;0.0;52.4;0;12.7;3.5
KLO;20220618;39.6;31.9;0.0;55.8;0;13.9;6.8
KLO;20220619;35.6;33.2;0.0;51.8;0;13.1;4.7
KLO;20220620;39.6;29.6;0.0;52.9;0;12.5;5.7
KLO;20220621;33.8;27.0;0.0;67.6;0;7.8;4.4
KLO;20220622;34.2;21.1;4.0;86.1;0;1.4;5.3
KLO;20220623;96.1;28.0;1.5;71.5;0;12.4;8.9
KLO;20220624;49.0;17.4;12.0;88.3;0;2.1;4.8
KLO;20220625;46.8;24.5;0.9;69.9;0;12.4;5.0
KLO;20220626;77.0;26.2;0.8;70.1;0;12.9;6.5
KLO;20220627;42.1;22.6;5.4;78.8;0;6.3;6.1
KLO;20220628;33.1;19.3;0.1;84.4;0;0.4;6.2
KLO;20220629;24.1;24.2;0.0;71.9;0;8.9;3.1
KLO;20220630;46.4;26.5;16.5;73.6;0;9.1;5.6
KLO;20220701;39.2;16.9;6.0;80.4;0;5.5;4.2
KLO;20220702;34.9;23.7;0.0;70.4;0;12.1;5.2
KLO;20220703;42.1;28.3;0.1;63.9;0;13.4;3.4
KLO;20220704;29.9;24.3;7.3;81.2;0;2.8;4.2
KLO;20220705;23.8;24.4;0.0;63.7;0;10.9;3.2
KLO;20220706;32.4;24.7;0.0;57.4;0;13.0;4.9
KLO;20220707;41.4;23.6;0.0;60.4;0;7.3;5.8
KLO;20220708;26.3;23.1;0.0;58.7;0;13.9;3.9
KLO;20220709;32.0;24.1;0.0;57.8;0;12.4;4.4
KLO;20220710;34.6;23.4;0.0;59.6;0;5.7;5.8
KLO;20220711;48.2;23.6;0.0;56.2;0;14.3;5.8
KLO;20220712;34.2;26.2;0.0;55.6;0;14.2;5.7
KLO;20220713;31.0;29.2;0.0;50.2;0;12.1;2.9
KLO;20220714;44.6;32.4;0.0;43.4;0;12.2;6.3
KLO;20220715;35.6;27.8;0.0;42.6;0;13.5;5.3
KLO;20220716;36.0;25.7;0.0;45.1;0;14.4;6.2
KLO;20220717;36.7;27.4;0.0;45.0;0;14.4;5.3
KLO;20220718;32.0;30.5;0.0;45.9;0;14.4;5.3
KLO;20220719;25.9;32.3;0.0;45.7;0;14.1;3.6
KLO;20220720;82.8;32.7;12.7;62.3;0;6.8;6.2
KLO;20220721;32.0;26.0;0.3;65.9;0;10.4;3.6
KLO;20220722;38.5;29.4;0.9;58.5;0;13.1;5.0
KLO;20220723;31.7;23.6;5.9;78.3;0;5.2;3.5
KLO;20220724;23.8;29.5;0.0;61.9;0;13.9;4.1
KLO;20220725;48.2;33.4;0.1;56.4;0;12.3;7.4
KLO;20220726;33.5;26.3;0.7;57.5;0;3.4;4.5
KLO;20220727;29.5;24.3;0.0;52.2;0;8.4;4.1
KLO;20220728;40.7;27.9;0.3;60.4;0;10.6;5.0
KLO;20220729;32.4;24.4;1.4;80.3;0;1.8;4.1
KLO;20220730;33.8;25.7;0.0;61.9;0;6.6;4.2
KLO;20220731;33.8;28.6;0.0;55.1;0;10.4;4.9
KLO;20220801;34.9;29.5;1.5;55.8;0;10.7;4.7
KLO;20220802;23.0;27.6;0.0;63.9;0;13.7;3.4
KLO;20220803;23.4;31.1;0.0;54.8;0;13.9;2.7
KLO;20220804;31.7;34.3;0.0;49.5;0;13.5;3.4
KLO;20220805;63.7;32.7;27.0;59.8;0;8.0;6.3
KLO;20220806;35.6;17.8;0.1;80.4;0;0.0;5.1
KLO;20220807;35.6;20.9;0.0;77.7;0;1.4;4.8
KLO;20220808;43.2;26.9;0.0;62.1;0;13.7;6.6
KLO;20220809;45.7;27.0;0.0;52.7;0;13.6;7.6
KLO;20220810;43.6;26.9;0.0;51.2;0;13.6;6.9
KLO;20220811;36.4;25.5;0.0;52.1;0;13.4;4.9
KLO;20220812;42.8;26.6;0.0;48.4;0;13.5;6.9
KLO;20220813;38.9;25.8;0.0;50.9;0;13.5;6.1
KLO;20220814;42.8;27.8;0.4;59.1;0;7.0;6.2
KLO;20220815;72.7;26.7;0.1;72.3;0;9.2;7.9
KLO;20220816;27.7;27.0;0.0;60.2;0;13.1;3.3
KLO;20220817;47.9;28.2;9.6;60.9;0;5.5;6.9
KLO;20220818;27.0;21.5;7.5;86.9;0;1.3;4.3
KLO;20220819;28.4;18.2;8.9;91.8;0;0.0;3.9
KLO;20220820;28.1;21.5;4.4;88.7;0;1.7;4.5
KLO;20220821;22.7;24.3;0.0;74.0;0;8.6;2.7
KLO;20220822;34.9;25.3;0.0;66.9;0;12.7;4.6
KLO;20220823;35.6;26.3;0.0;63.2;0;13.0;6.0
KLO;20220824;43.2;26.6;0.0;63.0;0;11.5;6.4
KLO;20220825;19.1;25.9;0.0;68.4;0;12.9;1.7
KLO;20220826;42.5;27.8;6.9;73.3;0;9.0;5.8
KLO;20220827;33.1;21.6;0.3;84.6;0;1.8;5.2
KLO;20220828;32.8;23.5;0.0;78.8;0;6.3;4.4
KLO;20220829;26.6;25.8;0.0;73.9;0;12.1;4.0
KLO;20220830;42.1;25.9;12.1;75.5;0;9.5;4.5
KLO;20220831;31.0;18.8;2.1;85.1;0;1.0;4.8
KLO;20220901;36.0;20.5;0.0;75.0;0;4.6;5.7
KLO;20220902;32.4;22.5;0.0;78.1;0;9.0;3.1
KLO;20220903;31.0;18.7;3.0;82.5;0;4.0;3.9
KLO;20220904;17.6;24.0;0.0;75.0;0;10.3;3.1
KLO;20220905;18.0;23.9;0.0;76.2;0;7.3;3.1
KLO;20220906;45.7;21.6;9.2;91.2;0;1.6;5.2
KLO;20220907;37.1;25.0;12.2;80.7;0;5.9;5.7
KLO;20220908;42.1;21.5;10.1;79.2;0;7.5;5.1
KLO;20220909;51.8;20.3;2.0;75.3;0;7.5;5.4
KLO;20220910;40.3;17.8;1.1;77.2;0;1.5;4.6
KLO;20220911;25.6;19.5;0.0;72.4;0;8.8;4.0
KLO;20220912;17.3;21.3;0.0;78.4;0;9.3;1.7
KLO;20220913;17.6;25.4;0.0;76.7;0;7.3;3.0
KLO;20220914;52.6;22.7;16.9;77.4;0;1.5;6.1
KLO;20220915;37.8;18.2;12.9;88.9;0;0.4;5.0
KLO;20220916;43.6;16.3;0.0;80.0;0;0.4;5.2
KLO;20220917;50.4;13.6;1.5;75.1;0;2.4;5.9
KLO;20220918;37.8;15.8;0.0;65.7;0;6.1;4.9
KLO;20220919;30.2;14.3;0.0;61.0;0;9.3;3.7
KLO;20220920;23.0;15.3;0.0;71.5;0;7.5;3.7
KLO;20220921;49.7;15.8;0.0;67.8;0;11.4;8.4
KLO;20220922;18.7;15.7;0.0;78.3;0;11.4;3.1
KLO;20220923;33.1;19.2;0.0;79.8;0;7.9;4.2
KLO;20220924;23.0;14.4;8.6;93.0;0;0.3;2.5
KLO;20220925;23.0;13.7;8.3;93.8;0;0.0;3.7
KLO;20220926;55.4;16.0;3.8;82.6;0;1.8;6.8
KLO;20220927;67.7;11.0;13.0;81.0;0;1.0;7.8
KLO;20220928;50.4;11.3;31.7;90.5;0;0.0;6.6
KLO;20220929;12.2;11.6;6.4;90.8;0;0.1;1.9
KLO;20220930;18.7;12.9;0.0;86.5;0;0.6;2.9
KLO;20221001;53.3;11.6;12.5;89.7;0;0.0;7.6
KLO;20221002;50.4;18.2;8.6;82.6;0;1.4;6.5
KLO;20221003;27.7;15.7;0.9;82.5;0;5.2;4.4
KLO;20221004;17.3;14.9;0.0;90.2;0;5.8;3.1
KLO;20221005;32.8;20.2;0.3;79.3;0;10.6;4.5
KLO;20221006;30.6;18.7;0.0;82.9;0;7.8;3.4
KLO;20221007;18.4;17.9;0.0;86.1;0;4.6;2.0
KLO;20221008;25.6;15.7;0.0;87.1;0;0.0;3.4
KLO;20221009;24.8;12.3;0.0;85.6;0;0.1;3.9
KLO;20221010;21.2;18.6;0.0;85.5;0;4.6;2.8
KLO;20221011;32.4;18.4;0.0;85.3;0;3.0;4.7
KLO;20221012;16.6;14.6;0.0;87.3;0;0.0;2.9
KLO;20221013;24.1;16.5;1.6;86.9;0;0.0;3.1
KLO;20221014;32.0;15.6;16.6;92.3;0;0.0;4.4
KLO;20221015;50.0;19.7;2.3;82.7;0;1.6;7.2
KLO;20221016;15.1;21.8;0.0;83.9;0;8.6;2.5
KLO;20221017;19.1;20.8;0.1;87.0;0;7.2;2.3
KLO;20221018;22.7;21.3;0.0;83.5;0;9.4;3.6
KLO;20221019;28.1;15.4;0.0;89.4;0;1.0;4.3
KLO;20221020;21.2;17.4;0.7;88.2;0;0.1;3.0
KLO;20221021;38.9;15.5;15.3;94.0;0;0.0;3.2
KLO;20221022;21.6;18.7;5.8;85.6;0;7.4;3.5
KLO;20221023;65.9;14.5;2.4;90.4;0;0.1;8.6
KLO;20221024;38.2;14.1;13.3;90.4;0;0.0;4.5
KLO;20221025;16.6;16.6;0.8;89.6;0;7.5;2.2
KLO;20221026;47.5;19.6;4.0;88.1;0;6.8;4.2
KLO;20221027;11.5;17.0;0.1;92.3;0;5.0;1.5
KLO;20221028;12.2;17.9;0.2;89.6;0;4.2;1.6
KLO;20221029;12.2;18.4;0.0;90.2;0;6.2;1.9
KLO;20221030;12.6;15.4;0.1;94.4;0;0.9;2.5
KLO;20221031;15.1;11.5;0.1;96.5;0;3.1;2.2
KLO;20221101;36.4;15.8;0.2;87.8;0;0.8;5.1
KLO;20221102;25.2;14.1;0.1;86.4;0;2.7;3.1
KLO;20221103;47.5;9.4;5.0;94.3;0;0.0;5.5
KLO;20221104;33.8;10.7;1.2;81.8;0;0.1;4.9
KLO;20221105;23.4;8.3;3.8;90.5;0;0.0;3.6
KLO;20221106;19.4;8.1;0.1;90.2;0;0.6;3.5
KLO;20221107;30.6;15.3;0.0;81.8;0;7.2;4.7
KLO;20221108;21.6;13.4;0.0;84.9;0;3.4;3.5
KLO;20221109;19.8;11.6;13.8;93.0;0;0.0;3.9
KLO;20221110;18.0;11.1;0.5;92.8;0;4.7;2.9
KLO;20221111;15.5;10.5;0.0;92.3;0;0.1;2.8
KLO;20221112;26.3;7.8;0.0;93.4;0;0.0;3.2
KLO;20221113;20.2;5.8;0.1;95.5;0;0.0;3.4
KLO;20221114;19.4;9.9;3.9;94.6;0;0.1;3.3
KLO;20221115;19.1;9.9;0.7;94.1;0;0.0;2.8
KLO;20221116;24.8;12.5;2.5;86.2;0;5.7;4.1
KLO;20221117;60.5;13.6;17.9;79.5;0;2.0;7.7
KLO;20221118;38.5;8.9;12.5;89.4;0;0.8;5.9
KLO;20221119;25.2;9.2;0.0;85.4;0;3.4;3.8
KLO;20221120;52.6;7.8;2.9;81.8;0;1.3;6.9
KLO;20221121;59.0;9.4;1.9;76.9;0;4.2;7.8
KLO;20221122;42.1;7.4;0.4;80.3;0;0.0;5.0
KLO;20221123;41.4;8.3;5.0;82.3;0;6.0;6.8
KLO;20221124;58.3;9.1;1.6;84.3;0;2.0;7.5
KLO;20221125;22.0;7.9;0.4;93.5;0;0.2;2.9
KLO;20221126;15.8;8.6;0.0;91.9;0;4.3;2.4
KLO;20221127;15.8;4.8;0.0;91.3;0;0.8;3.0
KLO;20221128;23.8;6.7;0.0;89.1;0;0.0;3.1
KLO;20221129;15.1;8.1;5.4;92.0;0;0.0;2.5
KLO;20221130;35.6;5.6;0.6;86.2;0;0.0;5.5
KLO;20221201;28.8;3.4;0.0;79.6;0;0.0;4.9
KLO;20221202;15.8;3.7;0.0;87.2;0;0.1;2.4
KLO;20221203;44.3;1.9;0.0;87.0;0;0.0;5.8
KLO;20221204;20.2;1.4;0.3;90.8;0;0.0;3.8
KLO;20221205;21.2;5.9;0.0;89.9;0;0.2;3.5
KLO;20221206;18.7;4.3;0.0;90.3;0;3.2;2.7
KLO;20221207;12.6;3.7;0.1;89.3;0;0.0;1.9
KLO;20221208;15.5;2.8;0.0;87.2;0;0.6;2.8
KLO;20221209;14.4;0.3;3.3;96.2;2;0.0;2.8
KLO;20221210;19.8;0.5;4.6;96.0;1;0.0;3.4
KLO;20221211;18.4;-2.8;0.0;95.5;7;6.2;2.7
KLO;20221212;17.3;-3.5;0.0;87.8;6;0.0;3.4
KLO;20221213;22.7;-4.7;0.5;84.7;5;0.0;4.3
KLO;20221214;23.4;2.4;9.6;94.6;6;0.2;2.9
KLO;20221215;26.3;2.1;4.3;96.6;0;0.0;3.9
KLO;20221216;16.2;-0.6;3.3;92.7;3;0.0;3.0
KLO;20221217;19.8;-2.9;0.0;88.9;5;0.6;3.4
KLO;20221218;14.4;-1.3;0.0;89.4;4;0.0;2.4
KLO;20221219;12.6;0.6;0.0;93.3;3;1.4;1.8
KLO;20221220;16.9;2.6;0.0;94.2;1;1.5;2.8
KLO;20221221;27.7;9.6;5.9;92.2;0;0.0;3.9
KLO;20221222;76.7;12.2;1.1;77.4;0;2.1;10.5
KLO;20221223;64.4;11.6;20.6;86.6;0;0.0;9.2
KLO;20221224;32.8;8.9;1.4;90.2;0;0.0;5.0
KLO;20221225;21.6;7.3;0.0;98.1;0;0.0;3.5
KLO;20221226;51.8;9.9;11.6;88.7;0;0.0;6.7
KLO;20221227;30.6;7.0;0.1;86.4;0;1.2;4.4
KLO;20221228;36.7;8.7;0.0;79.3;0;3.4;5.6
KLO;20221229;53.3;11.6;11.2;72.4;0;0.7;6.8
KLO;20221230;28.1;7.7;6.7;91.2;0;2.2;4.7
KLO;20221231;38.5;14.7;0.1;79.3;0;3.5;5.4
KLO;20230101;45.7;15.9;0.0;72.2;0;7.3;6.4
KLO;20230102;25.2;11.4;2.1;83.0;0;2.7;3.1
KLO;20230103;11.2;7.8;3.9;96.3;0;0.0;1.3
KLO;20230104;48.2;8.4;0.0;83.6;0;0.0;7.0
KLO;20230105;55.1;11.3;1.8;88.8;0;0.2;7.8
KLO;20230106;23.0;8.3;0.0;90.9;0;0.0;3.5
KLO;20230107;22.0;9.1;0.0;82.8;0;4.7;3.6
KLO;20230108;23.4;6.6;6.2;93.0;0;0.0;3.4
KLO;20230109;58.3;5.9;15.1;82.3;0;2.3;7.8
KLO;20230110;41.4;6.5;0.7;75.6;0;3.4;6.0
KLO;20230111;37.4;7.3;4.4;78.8;0;0.0;6.2
KLO;20230112;61.2;8.3;0.0;68.8;0;0.1;8.2
KLO;20230113;62.6;8.2;4.7;77.6;0;1.8;9.5
KLO;20230114;51.5;8.7;0.3;70.9;0;0.2;7.3
KLO;20230115;65.2;3.6;4.2;77.0;0;0.3;9.3
KLO;20230116;64.4;2.5;1.0;81.9;0;0.2;8.9
KLO;20230117;29.2;2.0;0.9;91.4;0;0.0;3.5
KLO;20230118;32.8;1.8;0.3;83.9;1;0.0;4.3
KLO;20230119;25.9;0.9;0.0;76.7;0;5.5;4.1
KLO;20230120;18.7;-0.8;0.0;81.4;0;3.7;2.8
KLO;20230121;45.0;-0.8;0.0;85.1;0;1.1;7.2
KLO;20230122;30.6;-0.2;0.0;82.1;2;0.0;4.9
KLO;20230123;58.7;0.1;0.0;78.2;0;0.0;7.1
KLO;20230124;41.4;1.9;0.0;80.8;0;0.0;5.4
KLO;20230125;29.2;1.6;0.0;85.1;0;0.0;4.7
KLO;20230126;20.9;0.1;0.0;80.2;0;0.0;3.8
KLO;20230127;31.7;-0.2;0.0;79.1;0;0.0;4.8
KLO;20230128;36.0;0.9;0.0;75.0;0;0.0;5.5
KLO;20230129;24.8;0.9;0.0;71.6;0;0.0;3.2
KLO;20230130;35.3;2.7;0.0;79.6;0;3.8;5.5
KLO;20230131;33.8;4.0;0.0;80.6;0;3.2;4.9
KLO;20230201;50.0;6.3;0.3;70.9;0;1.9;6.7
KLO;20230202;45.0;6.0;0.3;71.7;0;0.0;5.9
KLO;20230203;42.5;7.3;0.0;67.0;0;1.2;6.4
KLO;20230204;24.5;6.0;0.1;82.4;0;0.1;3.4
KLO;20230205;20.2;3.7;4.4;93.0;0;0.0;2.7
KLO;20230206;45.0;3.5;0.0;76.9;0;3.7;6.6
KLO;20230207;55.8;1.2;0.0;72.8;0;9.0;8.1
KLO;20230208;24.8;-0.5;0.0;72.7;0;6.4;4.6
KLO;20230209;17.3;3.3;0.0;78.9;0;8.6;2.6
KLO;20230210;15.5;3.7;0.0;77.2;0;8.7;2.5
KLO;20230211;13.0;4.3;0.0;76.0;0;7.4;1.8
KLO;20230212;31.7;6.8;0.0;84.8;0;7.0;5.0
KLO;20230213;14.0;4.8;0.0;88.1;0;4.5;2.7
KLO;20230214;13.3;2.6;0.0;94.6;0;4.1;2.3
KLO;20230215;15.1;0.8;0.0;94.6;0;3.9;2.1
KLO;20230216;22.3;10.7;0.0;74.7;0;6.2;3.5
KLO;20230217;29.9;12.3;0.0;64.4;0;0.4;3.1
KLO;20230218;48.6;13.8;0.0;72.7;0;3.4;6.8
KLO;20230219;41.4;9.8;0.1;76.6;0;0.5;6.5
KLO;20230220;17.6;12.4;0.0;73.5;0;9.5;2.6
KLO;20230221;17.3;12.5;0.0;79.1;0;8.9;2.7
KLO;20230222;25.9;12.5;0.1;80.7;0;5.8;4.3
KLO;20230223;14.8;12.8;0.1;82.9;0;5.3;2.6
KLO;20230224;48.2;13.5;3.5;83.2;0;5.6;5.3
KLO;20230225;31.0;4.6;3.9;76.0;0;0.0;4.6
KLO;20230226;78.8;0.3;0.0;60.8;0;3.2;11.0
KLO;20230227;69.1;0.5;0.0;67.7;0;0.0;11.0
KLO;20230228;42.5;-0.5;0.0;71.2;0;0.0;7.8
KLO;20230301;35.3;1.5;0.0;73.4;0;0.0;5.5
KLO;20230302;19.8;3.1;0.0;79.2;0;0.0;3.2
KLO;20230303;23.8;5.3;0.0;80.5;0;2.8;3.0
KLO;20230304;27.7;8.4;0.0;78.2;0;8.1;4.3
KLO;20230305;18.0;6.0;0.0;70.0;0;5.0;2.9
KLO;20230306;33.5;4.8;0.0;67.5;0;0.0;4.8
KLO;20230307;32.8;6.7;0.0;57.1;0;3.7;4.6
KLO;20230308;60.1;9.1;4.7;72.8;0;0.0;8.7
KLO;20230309;76.7;13.4;12.4;59.4;0;5.6;10.3
KLO;20230310;87.1;8.5;9.1;74.4;0;0.4;10.2
KLO;20230311;27.4;2.9;2.3;86.3;0;0.0;3.8
KLO;20230312;42.1;9.8;4.2;85.1;0;1.4;5.4
KLO;20230313;78.8;18.0;15.2;64.7;0;6.4;6.9
KLO;20230314;76.3;7.3;6.3;76.2;0;0.8;10.3
KLO;20230315;39.6;7.9;0.0;67.7;0;9.0;4.8
KLO;20230316;14.4;8.8;0.0;68.9;0;9.7;1.7
KLO;20230317;23.8;14.3;0.0;69.5;0;5.9;3.5
KLO;20230318;21.2;15.7;0.0;61.6;0;7.7;2.8
KLO;20230319;42.8;14.1;2.2;68.5;0;0.8;6.1
KLO;20230320;20.5;11.0;0.0;76.3;0;5.2;2.3
KLO;20230321;27.4;14.6;0.0;74.9;0;4.5;3.3
KLO;20230322;33.8;17.6;0.0;63.1;0;10.9;4.4
KLO;20230323;43.2;16.7;0.0;59.7;0;0.0;5.6
KLO;20230324;64.1;12.2;9.4;80.5;0;0.0;6.8
KLO;20230325;67.7;8.3;5.6;75.8;0;3.1;9.5
KLO;20230326;75.6;11.4;10.5;82.7;0;0.3;7.1
KLO;20230327;45.7;6.1;0.6;68.6;0;2.2;6.6
KLO;20230328;28.1;8.6;0.0;63.1;0;9.7;3.7
KLO;20230329;48.2;16.5;0.1;57.9;0;1.8;7.1
KLO;20230330;54.7;13.3;3.0;71.3;0;2.5;7.9
KLO;20230331;88.2;14.1;8.5;74.5;0;2.2;9.0
KLO;20230401;68.8;8.5;4.2;78.3;0;0.8;9.8
KLO;20230402;36.0;12.5;2.7;74.8;0;5.2;6.1
KLO;20230403;44.3;5.3;0.0;64.9;0;0.0;6.6
KLO;20230404;50.8;7.3;0.0;52.1;0;12.2;8.3
KLO;20230405;25.6;7.4;0.0;54.5;0;12.2;3.2
KLO;20230406;35.6;10.6;0.0;56.7;0;9.3;3.9
KLO;20230407;37.8;6.0;0.1;74.4;0;0.4;5.8
KLO;20230408;25.2;9.5;0.0;76.1;0;0.9;3.3
KLO;20230409;38.2;11.5;0.0;65.8;0;10.2;6.0
KLO;20230410;32.4;14.5;0.0;60.5;0;6.5;4.6
KLO;20230411;46.8;10.2;5.3;70.3;0;0.1;5.6
KLO;20230412;73.8;11.9;6.2;82.8;0;0.9;6.6
KLO;20230413;47.5;8.8;2.9;76.9;0;1.0;5.4
KLO;20230414;22.7;11.6;0.0;66.2;0;9.9;3.1
KLO;20230415;29.2;10.2;5.2;79.5;0;0.0;4.5
KLO;20230416;18.0;8.3;20.0;92.8;0;0.0;2.9
KLO;20230417;44.3;12.2;2.8;77.9;0;5.1;6.4
KLO;20230418;49.3;12.6;0.0;72.6;0;3.7;7.2
KLO;20230419;55.8;11.5;6.6;76.7;0;0.2;8.3
KLO;20230420;22.7;5.3;3.5;91.7;0;0.0;3.8
KLO;20230421;29.9;10.6;0.0;84.4;0;1.6;3.7
KLO;20230422;47.2;18.8;0.0;76.4;0;5.8;6.5
KLO;20230423;51.1;17.2;5.4;77.6;0;3.2;5.7
KLO;20230424;63.7;11.7;1.6;72.8;0;4.4;7.4
KLO;20230425;45.4;9.3;5.4;83.3;0;1.3;5.4
KLO;20230426;19.8;12.3;0.2;75.7;0;1.7;3.3
KLO;20230427;16.6;17.1;0.8;70.3;0;7.1;1.9
KLO;20230428;25.6;14.1;22.5;93.3;0;0.0;3.6
KLO;20230429;36.7;20.5;0.8;71.6;0;8.2;5.6
KLO;20230430;49.0;16.4;0.0;68.1;0;1.8;7.7

