 

stn;time;fu3010d1;ths2dxdv;rka150d0;ure200d0;hto000d0;su2000d0;fhh010dx
BER;20220401;24.1;-6.1;14.6;94.2;2;0.0;2.9
BER;20220402;29.9;-9.2;2.8;89.3;9;0.0;3.5
BER;20220403;34.2;-8.8;0.0;81.3;5;1.6;4.9
BER;20220404;34.2;-2.5;0.0;70.6;4;9.4;4.1
BER;20220405;18.7;0.9;0.0;67.4;0;0.1;2.2
BER;20220406;41.8;5.2;1.0;70.1;0;4.1;4.0
BER;20220407;65.9;-0.5;5.3;77.7;0;0.1;8.4
BER;20220408;71.3;1.8;7.1;73.4;0;0.3;9.5
BER;20220409;78.5;-2.1;4.4;81.5;0;1.4;7.8
BER;20220410;23.0;-1.1;1.6;71.1;0;11.1;2.7
BER;20220411;16.2;3.8;0.0;68.8;0;10.6;1.9
BER;20220412;18.7;8.1;0.0;64.6;0;10.9;2.1
BER;20220413;20.5;8.8;0.0;64.2;0;10.4;2.3
BER;20220414;25.6;9.1;0.0;67.0;0;11.3;3.8
BER;20220415;44.6;7.7;0.0;70.4;0;11.1;4.6
BER;20220416;65.5;1.9;0.0;63.5;0;12.5;8.4
BER;20220417;50.4;2.2;0.0;49.3;0;12.5;7.1
BER;20220418;26.3;4.6;0.0;55.2;0;12.7;3.2
BER;20220419;25.9;5.3;0.0;56.2;0;11.4;2.6
BER;20220420;42.5;4.0;0.0;57.5;0;10.5;5.4
BER;20220421;40.7;3.8;0.0;56.3;0;12.4;5.6
BER;20220422;20.5;3.6;0.0;67.1;0;11.5;3.7
BER;20220423;57.6;1.2;0.8;79.9;0;2.3;7.4
BER;20220424;45.0;-2.7;11.1;87.4;0;0.0;5.2
BER;20220425;19.1;-3.3;23.4;93.7;0;0.0;2.4
BER;20220426;29.9;-0.3;6.2;80.9;0;6.4;4.7
BER;20220427;39.2;2.0;0.0;72.7;0;13.1;5.5
BER;20220428;37.1;4.5;0.0;65.0;0;13.1;5.0
BER;20220429;22.7;5.2;0.0;64.2;0;8.3;2.8
BER;20220430;41.8;2.6;0.5;73.5;0;6.2;5.7
BER;20220501;33.5;1.1;0.0;71.6;0;13.1;5.1
BER;20220502;32.4;3.3;0.0;67.9;0;11.2;3.7
BER;20220503;34.6;3.5;1.1;77.9;0;6.5;4.3
BER;20220504;31.7;2.4;8.0;78.4;0;7.3;3.7
BER;20220505;16.9;-4.6;15.6;93.9;0;0.0;2.0
BER;20220506;32.4;-2.4;0.3;91.8;0;0.1;3.6
BER;20220507;33.5;2.4;0.0;82.3;0;5.9;4.4
BER;20220508;25.6;0.5;0.0;82.4;0;1.2;3.5
BER;20220509;30.6;4.1;0.0;74.5;0;7.8;3.5
BER;20220510;23.8;6.8;0.0;66.4;0;12.2;3.2
BER;20220511;41.0;9.4;0.0;57.9;0;13.8;6.1
BER;20220512;34.6;9.2;0.0;57.4;0;9.2;4.5
BER;20220513;24.1;3.7;1.7;78.8;0;4.7;3.9
BER;20220514;28.8;7.0;0.0;67.8;0;12.8;3.5
BER;20220515;57.6;9.2;0.0;65.2;0;12.6;7.1
BER;20220516;27.7;6.5;0.0;67.8;0;9.7;3.1
BER;20220517;23.4;8.0;0.0;70.0;0;13.2;2.9
BER;20220518;29.2;9.2;0.0;65.9;0;12.9;4.0
BER;20220519;42.1;10.5;0.0;64.3;0;11.9;4.4
BER;20220520;56.9;11.8;0.0;53.2;0;11.5;7.1
BER;20220521;33.5;7.6;1.3;72.2;0;10.3;4.1
BER;20220522;27.7;6.5;1.2;80.8;0;2.2;3.2
BER;20220523;38.2;7.2;4.4;80.5;0;4.9;3.6
BER;20220524;34.2;-2.2;2.4;81.6;0;0.0;3.3
BER;20220525;29.9;2.4;0.0;66.5;0;9.6;2.7
BER;20220526;24.8;3.6;0.0;66.9;0;12.1;3.6
BER;20220527;33.1;5.7;0.0;67.5;0;14.3;4.1
BER;20220528;34.6;0.6;0.0;54.3;0;9.7;4.9
BER;20220529;30.6;-1.1;0.0;54.9;0;10.3;4.3
BER;20220530;25.6;1.7;0.0;59.1;0;10.9;3.3
BER;20220531;41.8;0.0;2.4;77.6;0;1.3;4.7
BER;20220601;22.3;0.2;1.5;85.9;0;2.9;2.6
BER;20220602;23.4;5.2;0.0;78.2;0;8.0;3.4
BER;20220603;26.6;3.9;0.1;77.3;0;5.5;3.3
BER;20220604;40.0;8.1;4.8;75.8;0;9.8;4.2
BER;20220605;48.6;3.3;28.1;86.5;0;3.1;3.7
BER;20220606;25.6;4.5;2.2;77.8;0;6.7;3.5
BER;20220607;33.5;2.1;5.7;76.5;0;4.0;3.8
BER;20220608;42.8;-0.5;0.4;75.8;0;4.8;4.4
BER;20220609;30.6;-0.8;0.0;70.5;0;3.0;4.3
BER;20220610;36.0;1.9;0.0;67.8;0;14.3;4.1
BER;20220611;23.0;5.9;0.0;61.6;0;14.2;3.3
BER;20220612;24.8;10.0;0.0;55.2;0;11.8;2.6
BER;20220613;27.4;4.8;0.0;55.7;0;10.1;3.9
BER;20220614;28.1;6.0;0.0;59.4;0;13.7;4.0
BER;20220615;31.7;10.7;0.4;62.8;0;7.5;4.2
BER;20220616;32.4;9.8;0.0;54.5;0;11.1;4.0
BER;20220617;26.3;9.0;0.0;55.6;0;11.3;3.2
BER;20220618;35.3;12.4;0.0;55.9;0;12.3;4.5
BER;20220619;31.0;13.1;0.0;53.4;0;12.3;3.6
BER;20220620;35.6;10.6;0.0;49.7;0;12.5;4.6
BER;20220621;19.8;9.4;0.0;61.1;0;5.9;2.8
BER;20220622;67.3;4.5;18.5;83.2;0;2.4;4.4
BER;20220623;69.8;6.5;27.8;77.8;0;8.8;6.9
BER;20220624;49.0;-1.7;13.5;88.3;0;0.8;3.9
BER;20220625;35.3;4.5;3.2;70.9;0;12.1;3.6
BER;20220626;31.7;4.2;0.0;77.7;0;9.1;4.5
BER;20220627;26.3;-1.2;0.6;77.0;0;0.1;3.5
BER;20220628;25.6;-3.5;0.2;88.1;0;0.1;4.0
BER;20220629;21.6;4.1;0.0;73.8;0;10.8;2.6
BER;20220630;40.7;5.9;11.1;76.4;0;8.4;4.3
BER;20220701;16.2;-3.0;8.6;83.6;0;3.3;2.0
BER;20220702;23.4;3.2;0.0;73.2;0;14.4;3.1
BER;20220703;44.6;6.8;11.2;67.6;0;11.5;3.2
BER;20220704;33.5;1.7;8.6;85.5;0;3.5;2.9
BER;20220705;25.9;2.3;0.4;69.4;0;8.2;3.0
BER;20220706;32.4;2.0;0.0;61.9;0;11.7;3.4
BER;20220707;36.0;1.0;0.0;61.8;0;10.6;5.1
BER;20220708;41.8;0.6;0.0;62.1;0;13.5;6.1
BER;20220709;35.3;2.0;0.0;62.7;0;12.8;5.0
BER;20220710;34.2;1.6;0.0;60.0;0;13.2;5.0
BER;20220711;38.2;1.7;0.0;58.3;0;13.3;5.0
BER;20220712;35.3;3.5;0.0;57.4;0;13.0;4.3
BER;20220713;18.4;6.6;0.0;52.3;0;12.1;2.0
BER;20220714;31.7;9.4;0.0;44.9;0;12.7;4.0
BER;20220715;26.3;4.1;0.0;54.3;0;13.0;3.4
BER;20220716;35.3;3.8;0.0;49.5;0;13.5;4.3
BER;20220717;37.4;5.5;0.0;50.8;0;13.5;5.0
BER;20220718;36.7;8.8;0.0;52.1;0;12.8;5.2
BER;20220719;20.5;11.5;0.0;48.5;0;12.2;2.5
BER;20220720;40.7;5.8;14.6;71.7;0;3.9;4.8
BER;20220721;20.9;4.2;0.0;69.3;0;10.5;3.0
BER;20220722;47.2;8.1;4.9;64.5;0;11.5;3.5
BER;20220723;37.4;3.1;8.4;81.1;0;4.1;3.3
BER;20220724;25.2;5.7;0.0;68.5;0;12.9;3.2
BER;20220725;29.2;9.2;0.0;57.5;0;10.0;3.8
BER;20220726;22.0;0.8;1.9;65.6;0;2.5;2.9
BER;20220727;33.8;1.4;0.0;61.7;0;8.4;4.5
BER;20220728;37.1;4.9;4.3;67.9;0;10.4;4.8
BER;20220729;21.2;-1.8;5.9;84.8;0;0.8;3.3
BER;20220730;17.6;1.7;0.0;65.8;0;7.9;2.5
BER;20220731;18.4;4.7;0.0;57.5;0;10.5;2.5
BER;20220801;25.9;6.2;0.0;58.9;0;9.1;3.3
BER;20220802;23.4;5.7;0.0;63.5;0;12.3;3.0
BER;20220803;23.0;9.0;0.0;57.6;0;12.9;2.6
BER;20220804;39.2;11.6;0.0;50.0;0;11.5;3.0
BER;20220805;53.6;9.1;5.2;62.8;0;7.2;6.4
BER;20220806;44.6;-2.8;0.0;82.0;0;4.1;6.2
BER;20220807;34.9;-1.4;0.0;79.9;0;0.3;5.7
BER;20220808;38.5;3.8;0.0;66.3;0;12.5;4.9
BER;20220809;43.6;5.4;0.0;58.8;0;12.8;5.3
BER;20220810;36.4;4.9;0.0;55.3;0;12.7;4.8
BER;20220811;28.4;6.6;0.0;55.7;0;12.4;3.5
BER;20220812;39.2;5.4;0.0;51.1;0;12.8;5.0
BER;20220813;33.1;5.7;0.0;52.1;0;12.9;4.2
BER;20220814;33.5;1.1;0.3;65.5;0;2.2;3.2
BER;20220815;37.1;2.3;0.0;73.2;0;6.0;4.4
BER;20220816;23.0;6.2;0.0;59.0;0;12.4;2.9
BER;20220817;46.4;5.9;11.3;66.4;0;6.4;4.3
BER;20220818;19.1;-0.9;1.1;85.0;0;0.8;2.4
BER;20220819;26.3;-4.1;8.9;93.0;0;0.0;3.9
BER;20220820;34.6;2.1;13.4;85.5;0;5.5;3.2
BER;20220821;24.5;2.5;0.0;78.9;0;10.3;3.2
BER;20220822;32.0;3.9;0.0;65.1;0;12.3;3.6
BER;20220823;36.4;4.5;0.0;61.8;0;12.4;4.5
BER;20220824;34.2;4.6;0.0;62.1;0;12.3;4.6
BER;20220825;22.7;7.4;0.0;65.9;0;11.8;2.3
BER;20220826;43.2;5.7;4.8;78.8;0;4.6;4.5
BER;20220827;32.8;3.2;0.0;78.5;0;8.8;4.1
BER;20220828;31.3;2.3;0.0;80.3;0;7.5;3.6
BER;20220829;16.9;6.4;0.0;73.2;0;11.3;2.1
BER;20220830;40.7;6.3;6.1;76.8;0;4.7;3.6
BER;20220831;33.5;0.6;0.3;81.8;0;8.8;5.0
BER;20220901;33.8;0.7;0.0;78.4;0;8.5;4.4
BER;20220902;20.2;2.4;2.0;79.1;0;4.8;2.7
BER;20220903;18.7;0.4;8.3;86.0;0;4.1;2.5
BER;20220904;18.0;4.5;0.0;75.3;0;10.1;2.1
BER;20220905;19.8;6.4;0.2;72.3;0;8.5;2.6
BER;20220906;29.9;2.6;1.0;81.3;0;1.9;3.9
BER;20220907;45.0;4.3;35.3;84.0;0;2.7;4.5
BER;20220908;38.9;2.1;9.5;74.3;0;8.1;5.3
BER;20220909;51.1;0.8;3.9;77.0;0;4.6;5.1
BER;20220910;33.8;-0.9;0.1;74.5;0;2.3;4.9
BER;20220911;22.3;1.9;0.0;73.1;0;11.4;2.8
BER;20220912;14.0;3.7;0.0;78.4;0;10.5;1.7
BER;20220913;22.0;5.8;0.0;74.2;0;6.1;2.8
BER;20220914;50.8;5.5;5.4;79.2;0;1.5;5.0
BER;20220915;29.9;-1.3;46.7;93.7;0;0.0;3.0
BER;20220916;28.4;-1.7;0.6;78.5;0;2.8;3.2
BER;20220917;29.2;-5.6;0.2;72.3;0;4.6;3.5
BER;20220918;25.6;-2.6;0.0;70.4;0;7.1;2.9
BER;20220919;37.1;-3.3;0.0;67.6;0;9.1;4.3
BER;20220920;27.7;-2.6;0.0;70.3;0;9.9;4.3
BER;20220921;42.1;-2.6;0.0;70.2;0;8.5;5.3
BER;20220922;14.4;-0.3;0.0;80.2;0;9.4;1.8
BER;20220923;20.9;1.1;0.1;80.4;0;5.7;2.3
BER;20220924;11.9;-2.1;9.8;91.3;0;0.8;1.7
BER;20220925;18.4;-3.8;8.8;91.6;0;0.0;2.0
BER;20220926;33.8;-3.0;3.0;80.2;0;0.8;3.9
BER;20220927;52.6;-5.8;4.2;77.7;0;0.1;6.2
BER;20220928;30.2;-5.1;31.6;93.0;0;0.0;3.7
BER;20220929;24.5;-6.0;18.0;93.0;0;0.1;3.3
BER;20220930;19.8;-3.9;0.0;90.2;0;0.2;2.7
BER;20221001;33.5;-2.7;4.8;92.2;0;0.0;3.4
BER;20221002;43.9;2.7;3.3;86.5;0;2.4;4.7
BER;20221003;34.6;-0.3;0.0;89.0;0;3.7;5.7
BER;20221004;14.0;2.6;0.0;85.8;0;6.7;1.7
BER;20221005;16.6;5.8;0.0;79.1;0;10.5;2.2
BER;20221006;31.3;4.4;0.0;82.2;0;9.3;4.5
BER;20221007;18.4;3.7;0.0;88.7;0;4.8;2.2
BER;20221008;22.7;1.1;4.0;91.2;0;0.0;3.1
BER;20221009;28.1;-0.4;0.0;87.5;0;1.5;5.1
BER;20221010;14.0;5.0;0.0;87.9;0;6.0;1.5
BER;20221011;29.2;4.1;0.0;87.5;0;3.3;4.1
BER;20221012;11.9;2.0;0.0;91.5;0;2.6;1.5
BER;20221013;33.5;1.4;5.1;89.4;0;0.0;2.1
BER;20221014;25.9;2.4;2.4;90.6;0;0.0;3.0
BER;20221015;33.5;6.8;0.3;76.0;0;3.6;4.6
BER;20221016;17.3;7.7;0.0;77.9;0;6.6;2.8
BER;20221017;13.7;8.2;0.0;81.8;0;8.8;1.8
BER;20221018;19.1;8.5;0.0;83.0;0;6.0;2.2
BER;20221019;25.2;3.8;0.0;94.8;0;3.7;3.4
BER;20221020;14.0;4.3;0.4;92.1;0;0.1;1.7
BER;20221021;23.0;4.0;14.4;93.9;0;0.0;2.4
BER;20221022;23.4;6.5;14.6;88.5;0;6.5;2.2
BER;20221023;58.0;6.2;4.3;87.4;0;3.0;5.9
BER;20221024;27.7;2.9;23.0;94.2;0;0.0;3.6
BER;20221025;15.1;3.5;0.1;93.4;0;4.0;2.5
BER;20221026;16.9;8.1;3.0;89.4;0;6.8;2.2
BER;20221027;11.2;8.8;0.1;87.9;0;7.9;1.7
BER;20221028;10.1;10.9;0.0;84.4;0;5.6;1.6
BER;20221029;9.4;9.7;0.0;85.3;0;6.3;1.1
BER;20221030;10.4;9.6;0.0;86.8;0;5.1;1.8
BER;20221031;15.1;8.6;0.0;86.9;0;5.2;1.4
BER;20221101;33.5;6.3;2.5;90.8;0;0.9;2.7
BER;20221102;13.3;4.7;0.2;86.7;0;3.0;1.6
BER;20221103;37.4;1.9;15.5;92.9;0;0.9;3.6
BER;20221104;28.4;0.4;2.1;85.9;0;0.9;2.9
BER;20221105;15.5;0.8;1.3;85.8;0;0.6;2.1
BER;20221106;14.4;-0.6;0.2;90.6;0;1.9;1.6
BER;20221107;19.1;7.2;0.0;81.6;0;7.4;2.5
BER;20221108;14.8;5.7;0.0;82.0;0;3.4;2.1
BER;20221109;20.9;2.9;9.4;91.9;0;0.0;2.9
BER;20221110;21.2;5.8;0.0;93.2;0;5.8;3.1
BER;20221111;15.5;4.3;0.1;92.8;0;2.8;2.3
BER;20221112;15.8;0.0;0.1;98.8;0;0.0;2.3
BER;20221113;19.1;-1.6;0.1;96.4;0;0.0;2.5
BER;20221114;20.9;3.1;0.1;94.8;0;0.0;3.0
BER;20221115;12.2;3.1;2.8;94.5;0;0.0;1.8
BER;20221116;34.2;6.4;5.6;88.1;0;4.0;3.1
BER;20221117;63.4;7.1;11.5;84.8;0;2.5;6.9
BER;20221118;41.0;3.3;3.5;83.4;0;2.2;5.3
BER;20221119;18.0;3.3;0.1;81.0;0;4.0;2.5
BER;20221120;41.4;2.6;1.5;78.7;0;4.9;4.7
BER;20221121;32.8;2.4;3.4;80.2;0;2.6;4.4
BER;20221122;43.2;1.9;2.4;83.1;0;0.4;6.0
BER;20221123;20.5;1.7;4.6;86.4;0;5.1;2.3
BER;20221124;21.2;4.5;0.2;88.4;0;0.8;2.7
BER;20221125;22.7;4.0;0.2;88.4;0;0.1;2.2
BER;20221126;22.7;3.5;0.0;93.0;0;5.3;3.7
BER;20221127;11.9;1.3;0.0;87.8;0;1.5;1.5
BER;20221128;19.4;3.2;1.0;85.9;0;0.0;2.3
BER;20221129;12.6;2.5;1.4;91.1;0;0.0;1.8
BER;20221130;33.8;1.5;0.0;88.3;0;0.0;5.1
BER;20221201;29.9;-0.7;0.0;84.0;0;0.0;4.1
BER;20221202;19.8;1.1;0.0;87.3;0;0.9;3.3
BER;20221203;22.7;-2.3;0.0;91.6;0;0.0;3.5
BER;20221204;19.4;-1.3;0.3;92.9;0;0.0;2.0
BER;20221205;13.0;1.6;0.7;91.5;0;0.1;1.7
BER;20221206;15.5;-0.1;0.0;95.7;0;6.0;2.8
BER;20221207;12.2;-1.2;0.0;93.0;0;0.0;2.0
BER;20221208;17.6;0.4;0.0;81.2;0;3.7;2.8
BER;20221209;12.6;-2.4;12.2;96.6;7;0.0;1.9
BER;20221210;17.3;-2.6;4.1;93.5;10;0.0;2.3
BER;20221211;16.9;-4.8;0.0;91.9;9;6.3;2.5
BER;20221212;19.8;-7.1;0.0;88.8;9;0.0;2.9
BER;20221213;17.6;-6.3;1.3;90.8;9;0.0;2.5
BER;20221214;15.8;0.3;1.4;93.3;10;0.0;2.3
BER;20221215;28.1;0.6;7.0;97.4;6;0.0;3.5
BER;20221216;28.8;-1.8;3.9;92.5;5;0.0;4.4
BER;20221217;24.5;-3.8;0.0;88.8;5;0.0;4.3
BER;20221218;18.7;-2.6;0.0;86.1;5;1.0;2.9
BER;20221219;15.1;2.7;0.0;90.7;5;2.2;2.3
BER;20221220;17.6;5.2;0.0;86.7;3;2.7;2.2
BER;20221221;20.5;6.0;2.4;93.2;0;0.0;2.6
BER;20221222;61.2;9.6;1.6;78.3;0;0.9;8.2
BER;20221223;47.2;10.8;25.8;87.9;0;0.0;5.5
BER;20221224;36.4;9.1;13.7;95.3;0;0.0;3.3
BER;20221225;16.6;6.8;0.0;95.9;0;0.0;2.6
BER;20221226;31.7;8.1;9.1;90.9;0;0.0;4.3
BER;20221227;15.5;6.6;0.3;87.6;0;1.1;1.9
BER;20221228;22.7;7.0;0.0;82.0;0;4.5;3.4
BER;20221229;23.8;8.7;14.4;78.5;0;0.4;2.9
BER;20221230;15.1;6.9;5.0;92.1;0;0.0;2.3
BER;20221231;16.6;9.6;0.0;95.3;0;2.3;1.8
BER;20230101;18.0;12.0;0.0;90.4;0;5.8;2.0
BER;20230102;33.8;12.9;2.2;85.2;0;2.5;3.0
BER;20230103;9.4;6.2;3.1;96.7;0;0.0;1.3
BER;20230104;20.9;7.5;0.8;87.9;0;0.0;2.4
BER;20230105;17.3;9.4;0.6;93.5;0;0.4;2.4
BER;20230106;17.6;5.7;0.1;91.6;0;0.0;2.3
BER;20230107;24.8;7.1;0.0;81.8;0;4.6;3.7
BER;20230108;26.3;5.3;12.4;92.4;0;0.0;2.6
BER;20230109;50.4;5.2;13.8;84.0;0;0.4;6.6
BER;20230110;26.6;4.8;1.3;79.4;0;3.5;3.2
BER;20230111;29.5;5.3;6.1;85.9;0;0.0;2.5
BER;20230112;51.5;7.0;0.0;70.2;0;0.1;6.6
BER;20230113;53.3;7.8;5.3;78.2;0;0.9;6.9
BER;20230114;42.1;8.8;0.0;69.9;0;1.1;4.7
BER;20230115;51.5;8.2;12.5;81.7;0;1.2;5.5
BER;20230116;74.5;3.5;0.2;81.5;0;0.8;8.0
BER;20230117;19.8;-0.1;6.6;90.7;0;0.0;2.8
BER;20230118;15.1;-0.8;3.4;89.5;9;0.0;2.0
BER;20230119;15.5;-3.2;0.0;85.9;8;5.4;1.8
BER;20230120;14.8;-4.3;0.0;80.4;7;1.3;2.5
BER;20230121;42.1;-3.0;0.0;83.3;7;3.7;6.2
BER;20230122;34.6;-3.2;0.0;80.4;7;0.0;3.8
BER;20230123;41.4;-1.9;0.0;78.0;6;0.0;4.3
BER;20230124;31.3;-0.8;0.0;75.8;6;0.0;3.3
BER;20230125;20.5;-1.7;0.0;81.5;5;0.0;2.7
BER;20230126;22.7;-2.7;0.0;82.2;5;0.0;2.4
BER;20230127;38.5;-3.1;0.0;80.0;4;0.0;5.7
BER;20230128;33.8;-2.4;0.0;76.9;4;0.0;4.2
BER;20230129;24.5;-2.4;0.0;75.4;4;0.0;2.8
BER;20230130;21.6;0.6;0.0;77.8;3;3.8;3.3
BER;20230131;21.6;1.9;0.0;79.9;2;5.2;2.8
BER;20230201;38.9;4.0;0.0;74.9;0;3.7;4.6
BER;20230202;29.9;4.9;0.0;69.2;0;2.9;4.5
BER;20230203;20.5;5.3;0.0;73.7;0;6.5;3.0
BER;20230204;17.3;4.8;0.0;82.5;0;0.1;2.8
BER;20230205;21.2;1.5;2.4;91.7;0;0.9;3.0
BER;20230206;42.5;-0.5;0.0;81.4;0;0.0;5.6
BER;20230207;51.8;0.1;0.0;74.3;0;9.0;6.8
BER;20230208;26.6;-3.8;0.0;79.8;0;2.0;4.4
BER;20230209;13.0;0.4;0.0;81.3;0;8.9;1.7
BER;20230210;21.6;1.4;0.0;77.6;0;8.0;3.4
BER;20230211;13.7;3.5;0.0;76.9;0;9.0;2.1
BER;20230212;22.7;3.9;0.0;79.6;0;9.1;3.2
BER;20230213;16.2;4.5;0.0;86.9;0;7.6;2.7
BER;20230214;14.0;6.2;0.0;83.0;0;9.4;2.5
BER;20230215;12.2;8.4;0.0;77.1;0;9.2;2.4
BER;20230216;16.2;8.4;0.0;70.7;0;8.0;1.8
BER;20230217;29.5;9.8;0.0;63.7;0;1.5;3.3
BER;20230218;29.9;9.7;0.0;77.5;0;9.3;4.1
BER;20230219;25.6;8.8;0.0;76.4;0;6.6;3.5
BER;20230220;19.1;9.0;0.0;78.2;0;9.7;2.8
BER;20230221;18.7;9.4;0.0;77.1;0;9.5;2.7
BER;20230222;26.3;7.7;0.7;83.2;0;5.8;3.2
BER;20230223;15.5;7.8;0.0;82.6;0;5.5;2.3
BER;20230224;26.6;9.0;6.7;79.9;0;8.7;2.9
BER;20230225;39.2;2.2;0.1;74.8;0;1.5;5.6
BER;20230226;68.8;-4.0;0.0;59.3;0;2.7;8.5
BER;20230227;45.7;-6.0;0.0;68.6;0;0.0;5.7
BER;20230228;34.6;-4.5;0.0;73.4;0;0.2;5.2
BER;20230301;28.8;-5.3;0.0;76.2;0;0.0;3.3
BER;20230302;24.1;0.6;0.0;75.7;0;5.6;4.4
BER;20230303;30.6;-0.1;0.0;85.0;0;3.8;3.9
BER;20230304;28.8;3.4;0.0;71.8;0;9.4;4.5
BER;20230305;27.0;-0.1;0.0;77.5;0;6.1;4.5
BER;20230306;29.2;1.0;0.0;70.1;0;5.7;4.2
BER;20230307;41.4;1.2;0.0;66.4;0;4.9;5.1
BER;20230308;53.3;4.8;7.4;78.0;0;0.3;6.1
BER;20230309;78.5;8.7;0.4;55.6;0;4.0;9.8
BER;20230310;75.2;2.4;17.4;76.9;0;0.2;9.3
BER;20230311;25.9;-3.8;6.7;92.4;0;0.0;2.8
BER;20230312;46.4;5.0;3.6;81.0;0;2.9;4.7
BER;20230313;66.2;11.7;19.7;65.4;0;8.8;5.7
BER;20230314;52.9;0.0;10.5;81.4;0;0.5;7.0
BER;20230315;33.5;0.2;1.3;71.8;0;10.2;3.3
BER;20230316;13.7;3.1;0.0;70.3;0;10.2;1.7
BER;20230317;19.8;7.2;0.0;71.5;0;7.2;2.4
BER;20230318;16.9;7.3;0.0;64.1;0;9.0;1.9
BER;20230319;31.7;3.6;1.6;76.7;0;0.8;3.2
BER;20230320;20.9;3.8;0.0;78.9;0;7.0;3.0
BER;20230321;16.2;6.5;0.0;76.2;0;6.8;2.0
BER;20230322;24.5;9.2;0.0;64.3;0;10.4;3.5
BER;20230323;45.0;8.0;0.1;62.9;0;0.6;4.9
BER;20230324;38.9;3.8;7.6;85.3;0;0.0;3.6
BER;20230325;64.4;1.2;4.8;75.3;0;0.7;6.8
BER;20230326;57.2;1.2;10.0;81.4;0;1.4;8.3
BER;20230327;35.3;-3.5;1.2;79.0;0;0.8;4.8
BER;20230328;20.2;-0.3;0.0;69.8;0;8.5;2.6
BER;20230329;43.6;7.7;0.0;60.8;0;2.2;6.3
BER;20230330;57.6;5.4;3.2;72.1;0;2.5;5.4
BER;20230331;109.1;5.8;6.2;70.0;0;3.7;10.3
BER;20230401;59.4;1.4;3.3;76.1;0;1.8;7.4
BER;20230402;35.6;1.1;5.8;82.8;0;5.0;3.7
BER;20230403;42.1;-4.4;0.3;74.3;0;1.6;5.6
BER;20230404;47.9;-3.2;0.0;57.0;0;11.9;5.9
BER;20230405;27.7;-1.6;0.0;55.5;0;12.0;3.4
BER;20230406;39.6;0.2;0.0;53.0;0;7.3;2.3
BER;20230407;18.0;-3.0;9.8;81.5;0;1.5;2.7
BER;20230408;35.6;0.9;0.0;74.3;0;6.8;4.7
BER;20230409;28.1;1.6;0.0;75.5;0;12.1;4.0
BER;20230410;21.2;3.7;0.0;65.4;0;6.8;2.4
BER;20230411;46.4;1.0;6.1;79.2;0;0.0;4.1
BER;20230412;47.5;2.2;8.5;81.5;0;0.3;6.1
BER;20230413;38.9;-3.0;2.3;77.6;0;4.0;4.6
BER;20230414;19.1;-0.2;0.0;67.0;0;8.6;2.8
BER;20230415;36.7;-4.8;8.3;86.9;0;0.5;4.5
BER;20230416;15.5;-4.9;5.6;91.0;0;0.0;2.5
BER;20230417;34.6;0.8;1.2;79.4;0;4.3;4.5
BER;20230418;38.9;2.4;0.0;74.1;0;9.7;5.1
BER;20230419;39.6;0.9;0.0;76.3;0;5.8;5.9
BER;20230420;33.8;-7.6;0.9;88.7;0;0.2;5.2
BER;20230421;20.9;-2.7;0.1;89.1;0;0.4;2.4
BER;20230422;24.5;2.6;0.2;83.3;0;2.2;2.4
BER;20230423;59.0;4.0;2.9;75.3;0;4.8;6.4
BER;20230424;51.5;-0.3;0.7;65.8;0;7.5;6.9
BER;20230425;38.2;-2.7;3.9;78.4;0;3.3;3.4
BER;20230426;33.5;1.0;0.2;70.2;0;8.4;3.7
BER;20230427;31.0;4.8;0.0;65.4;0;12.6;3.3
BER;20230428;31.7;6.0;12.8;76.2;0;0.6;3.8
BER;20230429;28.8;5.5;1.7;77.7;0;5.5;3.9
BER;20230430;31.3;-0.4;6.6;81.6;0;0.7;4.5

