 

stn;time;fu3010d1;ths2dxdv;rka150d0;ure200d0;hto000d0;su2000d0;fhh010dx
BAS;20220401;30.6;-7.3;19.3;92.7;0;0.0;3.6
BAS;20220402;38.9;-10.4;2.8;89.9;2;0.0;4.5
BAS;20220403;22.7;-8.5;0.0;77.8;1;0.1;2.0
BAS;20220404;49.3;-4.1;0.0;64.3;0;9.4;5.5
BAS;20220405;27.4;-0.8;0.4;66.9;0;0.0;3.1
BAS;20220406;47.5;2.1;0.0;72.1;0;0.2;4.9
BAS;20220407;82.1;2.2;12.6;66.8;0;0.1;12.9
BAS;20220408;81.4;2.2;14.4;76.1;0;1.2;11.5
BAS;20220409;43.2;-3.8;4.8;73.0;0;3.8;5.2
BAS;20220410;17.6;-0.5;0.0;60.6;0;10.6;1.8
BAS;20220411;33.5;5.2;0.0;47.2;0;10.1;3.8
BAS;20220412;40.3;9.5;0.0;48.8;0;8.1;4.8
BAS;20220413;22.7;9.4;0.0;51.7;0;9.7;2.9
BAS;20220414;27.4;8.1;0.0;65.6;0;10.5;3.1
BAS;20220415;27.4;7.7;0.0;63.5;0;7.5;2.6
BAS;20220416;51.1;3.7;0.0;59.1;0;9.9;6.1
BAS;20220417;43.6;4.0;0.0;40.6;0;12.5;4.6
BAS;20220418;31.7;4.7;0.0;45.2;0;12.7;2.5
BAS;20220419;24.1;5.1;0.0;50.7;0;11.5;2.2
BAS;20220420;29.5;3.7;0.0;49.4;0;11.6;2.6
BAS;20220421;25.6;3.9;0.0;52.2;0;12.0;1.8
BAS;20220422;19.1;3.6;0.0;65.6;0;10.5;2.2
BAS;20220423;37.4;0.8;2.1;74.3;0;0.6;2.7
BAS;20220424;37.1;-4.1;22.4;90.2;0;0.0;3.5
BAS;20220425;33.1;0.3;11.5;88.5;0;1.3;3.1
BAS;20220426;31.0;-0.3;6.0;72.4;0;5.3;3.7
BAS;20220427;22.7;1.4;0.0;69.4;0;7.1;2.6
BAS;20220428;26.3;5.2;0.0;57.8;0;13.0;2.6
BAS;20220429;23.4;3.5;0.0;54.9;0;6.2;2.7
BAS;20220430;47.2;1.8;0.0;69.3;0;8.3;4.5
BAS;20220501;23.8;0.9;0.0;68.6;0;8.5;2.2
BAS;20220502;22.3;2.9;0.0;65.7;0;10.7;2.0
BAS;20220503;23.8;5.1;0.0;63.4;0;10.3;3.7
BAS;20220504;25.6;2.7;1.2;74.5;0;5.2;3.2
BAS;20220505;19.1;-4.4;10.0;92.0;0;0.0;2.0
BAS;20220506;21.2;-1.8;3.9;92.9;0;0.0;2.2
BAS;20220507;24.5;3.1;0.1;78.5;0;4.9;2.1
BAS;20220508;15.1;1.9;0.0;74.2;0;3.7;1.9
BAS;20220509;22.3;5.9;0.0;71.2;0;7.1;1.7
BAS;20220510;25.6;7.3;0.0;67.1;0;9.7;2.3
BAS;20220511;29.2;10.3;0.0;59.9;0;11.9;3.3
BAS;20220512;30.6;7.8;0.9;64.9;0;7.8;3.1
BAS;20220513;25.9;3.9;0.2;78.6;0;2.1;3.6
BAS;20220514;27.4;6.1;0.0;62.9;0;12.8;2.3
BAS;20220515;26.3;9.7;0.0;56.1;0;12.3;2.6
BAS;20220516;32.8;5.9;3.5;68.0;0;7.7;3.4
BAS;20220517;19.4;8.1;0.0;63.9;0;12.8;2.0
BAS;20220518;27.7;10.2;0.0;55.1;0;13.4;2.9
BAS;20220519;33.5;11.2;1.8;60.2;0;10.6;3.1
BAS;20220520;57.2;13.8;15.0;55.0;0;10.0;5.6
BAS;20220521;26.3;5.0;2.2;63.9;0;11.4;2.6
BAS;20220522;19.8;5.9;0.0;65.2;0;3.9;2.3
BAS;20220523;51.5;3.6;12.7;74.8;0;1.9;3.9
BAS;20220524;47.2;-1.1;0.2;67.7;0;1.5;5.0
BAS;20220525;26.3;2.5;0.0;59.9;0;12.5;3.1
BAS;20220526;29.9;2.5;0.0;60.2;0;11.4;3.5
BAS;20220527;32.8;2.3;0.0;65.8;0;5.6;4.0
BAS;20220528;36.0;-0.5;0.0;54.8;0;11.2;3.4
BAS;20220529;33.8;-0.9;0.0;53.6;0;10.7;3.4
BAS;20220530;24.1;0.5;0.0;50.9;0;14.4;1.8
BAS;20220531;38.9;2.6;0.0;58.0;0;5.6;4.9
BAS;20220601;20.5;0.4;0.8;74.4;0;3.8;2.3
BAS;20220602;24.5;2.8;0.1;70.9;0;4.9;2.6
BAS;20220603;35.3;4.1;0.4;76.0;0;5.2;3.2
BAS;20220604;42.1;6.6;5.7;70.5;0;10.0;5.3
BAS;20220605;49.7;4.3;0.9;77.3;0;1.8;4.8
BAS;20220606;29.9;3.3;0.0;67.1;0;4.5;3.2
BAS;20220607;31.3;-0.3;7.0;78.2;0;3.1;3.6
BAS;20220608;34.9;0.1;1.9;74.8;0;5.1;3.4
BAS;20220609;38.5;-1.1;0.0;65.9;0;5.1;4.6
BAS;20220610;26.3;3.2;0.0;57.0;0;14.8;2.1
BAS;20220611;17.6;7.0;0.0;53.2;0;14.8;1.6
BAS;20220612;27.7;8.9;0.1;53.1;0;12.1;2.8
BAS;20220613;28.1;4.1;0.8;59.0;0;10.4;2.9
BAS;20220614;28.1;6.9;0.0;51.0;0;14.6;2.3
BAS;20220615;20.9;10.1;0.0;51.8;0;13.9;2.0
BAS;20220616;112.3;9.0;2.2;57.2;0;11.7;4.3
BAS;20220617;16.2;8.6;0.0;49.0;0;12.5;2.1
BAS;20220618;40.0;13.6;0.0;43.2;0;13.4;4.5
BAS;20220619;20.5;12.7;0.0;47.8;0;13.7;2.2
BAS;20220620;37.4;9.4;0.0;51.8;0;12.5;4.1
BAS;20220621;28.8;10.2;0.8;63.7;0;6.5;3.1
BAS;20220622;34.9;3.2;8.0;88.6;0;0.9;3.9
BAS;20220623;77.0;8.3;22.2;73.8;0;10.3;5.0
BAS;20220624;20.5;-0.8;7.9;89.8;0;3.1;2.4
BAS;20220625;60.5;5.2;3.5;68.3;0;13.3;5.2
BAS;20220626;74.9;2.8;16.0;78.4;0;7.0;3.8
BAS;20220627;36.4;-1.2;0.2;81.0;0;0.9;3.7
BAS;20220628;23.0;-1.1;0.3;79.6;0;0.4;2.4
BAS;20220629;20.9;4.2;0.0;64.8;0;10.8;2.4
BAS;20220630;64.1;7.7;10.6;72.2;0;9.1;4.7
BAS;20220701;23.4;-1.2;3.1;71.5;0;6.8;2.7
BAS;20220702;34.6;4.2;0.0;62.6;0;14.9;2.8
BAS;20220703;19.8;6.0;0.0;58.0;0;13.2;2.7
BAS;20220704;23.8;1.9;8.1;70.6;0;4.8;3.0
BAS;20220705;22.7;3.7;0.0;55.8;0;13.8;2.6
BAS;20220706;34.6;1.6;0.0;54.5;0;11.4;3.7
BAS;20220707;29.9;1.0;0.0;59.6;0;7.1;3.6
BAS;20220708;22.7;0.2;0.0;58.6;0;14.3;2.3
BAS;20220709;24.1;2.8;0.0;56.0;0;14.0;2.4
BAS;20220710;31.7;0.8;0.0;58.1;0;11.2;3.3
BAS;20220711;33.8;2.4;0.0;58.1;0;14.5;3.4
BAS;20220712;28.8;4.3;0.0;58.6;0;14.2;2.8
BAS;20220713;18.7;8.1;0.0;46.5;0;11.4;2.4
BAS;20220714;40.3;9.4;0.0;39.0;0;13.2;4.4
BAS;20220715;28.1;4.1;0.0;47.9;0;14.3;3.0
BAS;20220716;25.2;3.8;0.0;48.7;0;14.3;2.8
BAS;20220717;24.8;5.8;0.0;49.7;0;14.2;2.6
BAS;20220718;21.6;9.9;0.0;43.5;0;14.0;2.1
BAS;20220719;23.4;12.1;0.0;39.8;0;13.6;2.4
BAS;20220720;98.6;6.9;35.7;63.0;0;5.2;5.2
BAS;20220721;25.6;4.0;0.1;67.2;0;12.4;2.3
BAS;20220722;32.0;7.6;1.1;61.9;0;12.0;2.7
BAS;20220723;26.3;4.4;3.9;69.6;0;7.1;2.9
BAS;20220724;17.6;6.8;0.0;60.1;0;13.0;2.3
BAS;20220725;47.5;9.4;0.0;49.7;0;11.5;4.6
BAS;20220726;32.0;2.4;0.0;54.1;0;9.7;3.5
BAS;20220727;27.0;2.5;0.0;51.0;0;11.7;2.7
BAS;20220728;21.2;5.3;0.0;55.2;0;9.9;2.3
BAS;20220729;30.2;0.9;1.1;62.3;0;2.8;3.3
BAS;20220730;27.0;3.6;0.0;53.1;0;8.7;2.3
BAS;20220731;36.0;6.6;0.0;49.6;0;12.1;3.1
BAS;20220801;33.5;6.4;0.0;53.8;0;10.3;3.7
BAS;20220802;23.8;5.7;0.0;61.5;0;12.1;2.6
BAS;20220803;20.9;10.1;0.0;49.8;0;13.3;1.9
BAS;20220804;31.0;12.6;0.0;41.9;0;12.0;2.7
BAS;20220805;49.3;9.6;1.1;53.3;0;7.3;4.5
BAS;20220806;28.4;-1.1;0.0;67.5;0;0.0;2.3
BAS;20220807;27.7;3.4;0.0;58.6;0;8.9;2.7
BAS;20220808;32.4;6.1;0.0;54.4;0;13.1;2.9
BAS;20220809;34.9;7.0;0.0;47.7;0;13.2;3.5
BAS;20220810;35.3;7.0;0.0;43.9;0;13.1;3.6
BAS;20220811;27.0;8.2;0.0;44.4;0;13.1;2.9
BAS;20220812;41.0;6.8;0.0;40.1;0;13.1;3.8
BAS;20220813;34.6;7.2;0.0;40.4;0;13.1;2.7
BAS;20220814;41.0;4.8;1.7;54.1;0;5.5;4.3
BAS;20220815;64.1;4.1;22.2;80.8;0;6.6;4.6
BAS;20220816;23.4;6.1;0.0;62.9;0;12.8;1.9
BAS;20220817;58.7;3.7;57.9;79.9;0;3.3;4.4
BAS;20220818;17.3;-1.3;10.3;86.3;0;0.2;2.1
BAS;20220819;25.6;-1.1;1.1;90.2;0;0.2;2.9
BAS;20220820;27.4;1.1;6.8;82.9;0;4.6;2.2
BAS;20220821;20.2;3.4;0.0;69.4;0;9.8;3.0
BAS;20220822;17.3;4.7;0.0;59.2;0;11.0;1.8
BAS;20220823;25.6;6.0;0.0;55.4;0;12.6;2.2
BAS;20220824;37.1;6.8;0.0;52.0;0;12.4;2.9
BAS;20220825;22.3;7.3;0.0;61.8;0;12.7;2.2
BAS;20220826;38.5;4.1;0.0;69.6;0;6.0;4.7
BAS;20220827;32.0;3.2;0.1;82.2;0;4.6;3.0
BAS;20220828;23.0;3.9;0.0;75.8;0;6.1;2.0
BAS;20220829;19.1;6.3;0.0;69.2;0;11.6;1.6
BAS;20220830;34.2;5.2;0.0;71.2;0;6.1;4.2
BAS;20220831;35.3;1.2;3.9;78.5;0;5.1;3.3
BAS;20220901;31.0;2.2;0.0;70.1;0;12.1;2.9
BAS;20220902;57.6;3.4;14.1;76.4;0;7.8;3.6
BAS;20220903;63.7;1.3;17.5;90.5;0;3.1;2.1
BAS;20220904;13.0;4.8;0.1;73.7;0;11.6;1.4
BAS;20220905;23.8;6.8;12.5;72.0;0;6.9;2.3
BAS;20220906;24.8;3.1;4.2;85.6;0;2.7;2.3
BAS;20220907;23.0;3.1;15.3;83.1;0;4.5;2.5
BAS;20220908;37.4;1.5;4.1;71.9;0;7.6;3.7
BAS;20220909;48.6;0.8;2.1;68.3;0;6.6;4.9
BAS;20220910;39.2;-1.4;1.3;73.6;0;0.4;4.1
BAS;20220911;17.3;1.8;0.8;72.2;0;9.9;2.1
BAS;20220912;24.5;4.9;0.0;69.9;0;11.5;2.4
BAS;20220913;24.5;6.6;0.0;70.6;0;5.5;2.7
BAS;20220914;26.3;3.5;2.7;83.6;0;1.0;2.7
BAS;20220915;29.5;0.5;2.8;88.9;0;0.1;3.3
BAS;20220916;33.1;-1.8;0.2;80.8;0;1.3;3.9
BAS;20220917;38.5;-5.8;0.6;71.5;0;4.3;4.3
BAS;20220918;29.2;-3.2;0.0;63.6;0;8.4;3.6
BAS;20220919;24.8;-3.1;0.0;59.6;0;8.8;3.0
BAS;20220920;24.8;-2.2;0.0;68.4;0;9.7;2.6
BAS;20220921;24.5;-1.6;0.0;71.8;0;7.0;2.0
BAS;20220922;21.6;-0.6;0.0;71.1;0;11.0;2.0
BAS;20220923;19.4;1.3;0.1;73.5;0;5.7;1.5
BAS;20220924;21.6;-3.4;8.6;94.7;0;0.7;1.6
BAS;20220925;19.1;-2.6;2.4;88.5;0;0.2;2.1
BAS;20220926;42.5;-2.7;2.0;72.9;0;1.6;4.7
BAS;20220927;43.6;-5.7;13.5;83.8;0;0.2;4.6
BAS;20220928;31.3;-7.4;21.1;92.9;0;0.0;3.6
BAS;20220929;9.4;-5.9;3.3;91.4;0;0.0;1.5
BAS;20220930;15.8;-4.0;0.0;87.4;0;2.3;2.9
BAS;20221001;18.4;-3.9;3.6;92.5;0;0.0;2.7
BAS;20221002;55.1;3.2;7.5;84.6;0;1.6;6.1
BAS;20221003;19.1;-1.2;0.0;89.8;0;3.1;2.2
BAS;20221004;16.9;2.2;0.0;84.1;0;8.8;1.6
BAS;20221005;22.3;6.3;0.0;81.1;0;8.9;2.3
BAS;20221006;16.9;2.2;0.1;82.2;0;3.6;1.9
BAS;20221007;14.4;4.7;0.0;81.0;0;7.6;1.4
BAS;20221008;21.6;1.5;0.1;80.7;0;1.9;3.2
BAS;20221009;28.4;0.0;0.0;84.0;0;5.6;2.4
BAS;20221010;21.2;5.8;0.6;77.4;0;7.3;2.6
BAS;20221011;18.4;0.2;0.2;88.9;0;0.1;2.1
BAS;20221012;17.3;2.8;0.0;84.2;0;3.5;1.7
BAS;20221013;18.0;1.5;0.7;88.7;0;0.0;2.0
BAS;20221014;24.8;1.2;5.9;93.0;0;0.0;3.0
BAS;20221015;38.2;5.1;0.2;79.8;0;0.6;4.2
BAS;20221016;19.8;9.5;0.0;77.4;0;8.0;2.1
BAS;20221017;20.9;8.9;0.0;76.6;0;8.3;2.2
BAS;20221018;17.3;8.6;0.0;79.9;0;8.0;2.0
BAS;20221019;31.7;5.2;0.0;87.7;0;5.7;2.9
BAS;20221020;35.6;4.0;0.0;82.6;0;0.1;3.3
BAS;20221021;31.0;2.4;18.8;93.2;0;0.0;3.0
BAS;20221022;22.7;7.5;0.1;81.8;0;8.2;2.4
BAS;20221023;87.8;10.7;0.0;67.6;0;3.1;11.0
BAS;20221024;43.6;8.4;12.5;78.7;0;0.8;6.0
BAS;20221025;33.5;5.6;0.2;86.2;0;6.7;3.7
BAS;20221026;28.4;9.4;0.7;80.9;0;6.7;3.5
BAS;20221027;30.6;8.9;0.0;79.5;0;7.7;3.4
BAS;20221028;31.7;9.6;0.0;77.0;0;5.4;3.6
BAS;20221029;24.5;10.4;0.0;76.0;0;6.1;2.9
BAS;20221030;24.1;9.3;0.0;80.8;0;5.8;2.6
BAS;20221031;27.7;7.6;0.0;84.6;0;3.2;3.0
BAS;20221101;28.1;6.9;2.3;84.1;0;1.6;3.9
BAS;20221102;16.9;5.7;0.0;81.7;0;4.3;2.0
BAS;20221103;54.4;2.8;3.4;84.8;0;0.6;4.3
BAS;20221104;36.0;1.0;1.0;83.7;0;0.0;3.5
BAS;20221105;20.2;1.3;1.7;84.2;0;1.5;2.6
BAS;20221106;36.0;-1.0;0.1;86.6;0;1.7;4.1
BAS;20221107;32.0;7.4;0.0;78.5;0;5.5;3.8
BAS;20221108;31.7;4.3;0.0;77.3;0;2.0;3.7
BAS;20221109;22.0;2.6;15.7;94.6;0;0.0;2.8
BAS;20221110;18.0;5.4;0.1;88.3;0;7.4;2.5
BAS;20221111;22.7;4.1;0.0;90.2;0;4.5;2.4
BAS;20221112;23.8;3.2;0.0;94.0;0;2.9;2.0
BAS;20221113;29.2;-0.7;0.0;88.1;0;0.0;2.8
BAS;20221114;33.5;3.0;0.1;84.7;0;0.0;3.5
BAS;20221115;38.5;3.0;8.9;90.0;0;0.0;4.3
BAS;20221116;26.3;6.0;0.9;85.2;0;2.7;2.7
BAS;20221117;57.2;7.0;14.5;74.3;0;1.3;5.4
BAS;20221118;38.5;3.0;3.6;81.6;0;2.8;4.4
BAS;20221119;24.8;2.4;0.0;81.9;0;0.4;3.3
BAS;20221120;37.8;2.6;1.1;74.9;0;1.6;4.8
BAS;20221121;34.2;2.7;2.7;76.1;0;1.4;4.6
BAS;20221122;34.9;2.3;0.0;70.5;0;0.1;3.8
BAS;20221123;45.4;3.8;6.6;79.5;0;5.0;4.4
BAS;20221124;27.0;4.9;1.4;81.0;0;1.5;3.2
BAS;20221125;24.1;3.7;0.7;88.0;0;0.4;3.0
BAS;20221126;14.0;3.2;0.0;94.2;0;3.2;1.4
BAS;20221127;37.4;1.1;0.0;83.1;0;1.8;4.3
BAS;20221128;23.8;2.7;0.1;81.5;0;0.0;2.9
BAS;20221129;23.4;3.4;0.8;88.1;0;0.6;2.3
BAS;20221130;29.5;2.3;0.2;82.3;0;0.3;3.4
BAS;20221201;17.3;-0.6;0.0;82.0;0;0.0;2.0
BAS;20221202;10.8;-0.8;0.0;89.2;0;0.0;1.3
BAS;20221203;34.2;-2.2;0.0;86.0;0;0.0;3.1
BAS;20221204;24.5;-2.5;2.9;88.5;0;0.0;2.8
BAS;20221205;21.6;2.6;0.2;88.9;0;2.0;2.8
BAS;20221206;13.7;0.2;0.0;86.5;0;6.4;1.8
BAS;20221207;17.3;-0.2;0.0;83.9;0;2.9;2.6
BAS;20221208;12.2;-3.1;0.0;93.4;0;2.3;1.8
BAS;20221209;8.6;-5.1;5.3;95.0;1;0.0;1.1
BAS;20221210;13.3;-4.5;4.8;94.8;6;0.0;1.6
BAS;20221211;9.7;-6.1;0.0;91.6;8;1.2;1.1
BAS;20221212;33.1;-6.7;0.0;85.9;7;0.4;4.0
BAS;20221213;36.0;-6.0;0.0;83.4;7;0.0;4.2
BAS;20221214;30.2;-2.5;13.9;92.2;6;0.0;3.8
BAS;20221215;13.7;-4.7;3.0;96.4;3;0.0;1.9
BAS;20221216;16.9;-6.2;2.1;90.0;4;0.0;1.6
BAS;20221217;12.6;-7.0;0.0;91.6;3;1.6;1.6
BAS;20221218;40.3;-3.8;0.0;87.3;3;3.6;4.8
BAS;20221219;34.6;1.3;0.0;81.8;3;3.3;4.0
BAS;20221220;34.2;5.4;0.8;79.4;2;2.9;4.4
BAS;20221221;21.2;4.9;6.3;95.1;0;0.3;2.6
BAS;20221222;71.6;10.3;1.8;68.1;0;1.0;7.9
BAS;20221223;64.8;11.1;5.7;80.3;0;0.0;8.1
BAS;20221224;34.9;9.3;0.4;78.3;0;0.0;4.2
BAS;20221225;36.4;8.0;0.0;87.2;0;4.1;4.3
BAS;20221226;51.8;7.9;7.6;85.8;0;0.0;5.5
BAS;20221227;23.4;5.0;0.0;83.6;0;0.7;3.5
BAS;20221228;38.2;9.3;0.0;78.9;0;3.5;3.0
BAS;20221229;53.3;10.4;2.5;64.0;0;0.3;6.1
BAS;20221230;49.3;13.2;1.4;78.1;0;1.3;7.1
BAS;20221231;36.0;13.0;0.0;78.9;0;3.0;4.7
BAS;20230101;34.2;13.7;0.0;76.1;0;5.9;4.7
BAS;20230102;50.8;11.9;3.1;76.6;0;2.0;4.0
BAS;20230103;14.0;6.3;0.1;92.0;0;0.2;1.7
BAS;20230104;33.1;8.9;0.0;87.5;0;0.0;3.4
BAS;20230105;41.4;9.3;0.0;80.0;0;0.0;4.3
BAS;20230106;17.6;7.5;0.0;88.0;0;0.1;3.2
BAS;20230107;29.9;8.5;0.0;79.8;0;6.6;3.9
BAS;20230108;26.6;4.5;10.7;93.1;0;0.0;3.0
BAS;20230109;60.1;5.5;6.7;76.0;0;2.1;7.2
BAS;20230110;42.1;5.1;0.0;69.2;0;3.0;5.0
BAS;20230111;41.0;7.5;1.4;80.5;0;0.0;4.2
BAS;20230112;47.5;7.9;0.0;59.8;0;0.0;5.8
BAS;20230113;53.3;8.3;2.8;71.0;0;0.5;6.1
BAS;20230114;55.4;10.7;0.4;70.1;0;0.3;7.4
BAS;20230115;67.0;10.9;2.6;70.3;0;1.4;8.0
BAS;20230116;78.8;3.7;2.0;74.0;0;0.3;9.4
BAS;20230117;40.3;-0.2;4.0;92.0;0;0.0;3.1
BAS;20230118;24.8;-1.5;2.3;88.7;1;0.0;3.4
BAS;20230119;20.5;-1.5;0.0;78.3;1;2.5;3.7
BAS;20230120;14.0;-1.2;0.0;80.8;0;2.1;1.7
BAS;20230121;28.4;-3.2;0.0;82.0;0;3.9;3.2
BAS;20230122;23.8;-3.1;0.0;87.1;1;0.0;2.5
BAS;20230123;42.8;-1.2;0.1;78.1;0;0.0;4.4
BAS;20230124;31.0;0.0;0.0;82.1;0;0.0;3.6
BAS;20230125;16.2;-1.0;0.3;93.3;0;0.0;1.7
BAS;20230126;22.7;-2.9;0.0;88.8;0;0.0;2.3
BAS;20230127;22.7;-3.0;0.0;81.4;0;0.0;2.5
BAS;20230128;34.9;-1.6;0.0;72.0;0;0.0;4.0
BAS;20230129;14.8;-1.7;0.0;81.1;0;0.0;1.9
BAS;20230130;24.5;0.9;0.0;78.3;0;2.0;2.8
BAS;20230131;32.4;1.5;0.0;78.8;0;3.6;3.5
BAS;20230201;42.8;2.7;0.0;70.6;0;0.4;5.5
BAS;20230202;37.8;2.6;0.0;72.6;0;0.0;5.0
BAS;20230203;40.3;4.9;0.0;67.5;0;1.4;5.2
BAS;20230204;26.3;3.9;0.3;85.6;0;0.0;3.1
BAS;20230205;34.9;0.7;1.4;91.2;0;0.0;2.6
BAS;20230206;29.2;-0.4;0.0;78.6;0;0.1;3.1
BAS;20230207;37.1;-0.2;0.0;66.3;0;8.7;4.1
BAS;20230208;23.0;-1.3;0.0;70.4;0;8.7;2.6
BAS;20230209;19.8;1.2;0.0;72.1;0;8.6;2.8
BAS;20230210;14.4;0.7;0.0;76.3;0;6.8;2.0
BAS;20230211;16.2;2.8;0.0;71.8;0;8.1;2.8
BAS;20230212;16.6;4.2;0.0;78.3;0;6.4;2.2
BAS;20230213;34.6;5.2;0.0;76.3;0;8.8;3.5
BAS;20230214;30.6;2.9;0.0;84.0;0;8.9;3.9
BAS;20230215;28.8;5.5;0.0;79.4;0;8.7;4.0
BAS;20230216;20.5;8.4;0.0;67.0;0;6.9;2.6
BAS;20230217;27.7;7.8;0.0;70.8;0;0.2;3.1
BAS;20230218;38.9;8.7;0.0;68.1;0;0.4;4.3
BAS;20230219;31.7;4.4;0.0;73.8;0;0.0;3.4
BAS;20230220;16.2;8.9;0.0;71.2;0;8.9;2.8
BAS;20230221;16.9;10.1;0.0;72.4;0;8.9;2.1
BAS;20230222;29.5;6.0;0.7;80.3;0;2.0;2.6
BAS;20230223;12.2;7.2;0.2;82.8;0;4.8;1.7
BAS;20230224;31.3;6.1;5.5;82.4;0;4.2;3.7
BAS;20230225;31.7;-0.4;1.6;69.7;0;0.7;2.9
BAS;20230226;55.4;-3.5;0.0;55.4;0;2.9;6.0
BAS;20230227;62.3;-5.0;0.0;53.4;0;0.0;6.7
BAS;20230228;30.6;-5.3;0.2;70.7;0;0.0;3.2
BAS;20230301;20.9;-5.0;0.0;75.2;0;0.2;2.2
BAS;20230302;11.5;-2.2;0.0;74.2;0;2.1;2.2
BAS;20230303;19.1;-0.1;0.0;75.5;0;3.4;2.3
BAS;20230304;24.5;-0.7;0.0;73.0;0;8.8;3.2
BAS;20230305;22.3;-0.1;0.0;68.4;0;6.0;2.7
BAS;20230306;28.1;-2.5;0.0;64.9;0;0.2;3.1
BAS;20230307;38.5;-1.3;0.0;57.7;0;3.5;4.5
BAS;20230308;69.5;5.8;4.5;68.1;0;0.0;8.9
BAS;20230309;85.0;8.3;7.9;58.6;0;4.0;9.0
BAS;20230310;74.2;2.4;2.5;68.7;0;0.1;9.1
BAS;20230311;26.3;-4.0;3.0;83.7;0;0.0;3.9
BAS;20230312;39.6;4.2;2.5;76.9;0;1.9;4.8
BAS;20230313;79.9;13.8;11.0;64.7;0;6.5;7.5
BAS;20230314;54.7;2.2;2.6;68.0;0;0.5;7.0
BAS;20230315;28.4;0.1;0.0;64.0;0;8.6;3.4
BAS;20230316;38.5;4.1;0.0;56.7;0;8.3;4.9
BAS;20230317;31.3;7.8;0.0;56.4;0;5.3;3.8
BAS;20230318;19.8;7.6;0.0;57.7;0;7.0;2.4
BAS;20230319;30.2;3.6;10.2;77.0;0;0.5;2.5
BAS;20230320;15.8;3.6;0.0;74.1;0;3.5;2.6
BAS;20230321;18.0;6.1;0.0;69.6;0;4.1;2.6
BAS;20230322;26.3;8.9;0.0;62.5;0;10.4;3.0
BAS;20230323;28.1;7.4;0.0;59.9;0;0.0;2.9
BAS;20230324;57.6;7.6;4.0;64.7;0;0.0;6.5
BAS;20230325;73.8;2.6;5.8;66.5;0;2.8;7.0
BAS;20230326;65.9;3.6;3.6;72.0;0;3.3;7.2
BAS;20230327;37.8;-2.6;0.7;64.8;0;2.6;4.4
BAS;20230328;23.4;0.8;0.0;57.9;0;9.2;2.6
BAS;20230329;32.4;9.1;0.0;51.3;0;0.3;3.5
BAS;20230330;56.2;6.9;3.3;58.9;0;3.3;6.6
BAS;20230331;72.0;5.2;8.1;66.5;0;5.1;8.2
BAS;20230401;53.6;0.2;3.8;73.2;0;1.4;6.9
BAS;20230402;25.2;0.6;1.3;78.5;0;2.4;2.8
BAS;20230403;36.7;-4.0;2.1;65.4;0;0.2;4.2
BAS;20230404;33.1;-2.3;0.0;49.1;0;12.2;4.0
BAS;20230405;21.6;-1.7;0.0;57.0;0;12.0;2.6
BAS;20230406;25.6;0.8;0.0;51.9;0;6.2;3.1
BAS;20230407;28.4;-4.1;7.9;79.9;0;0.5;3.8
BAS;20230408;21.6;-0.8;0.0;77.5;0;1.0;2.2
BAS;20230409;29.5;2.2;0.0;60.9;0;12.0;3.7
BAS;20230410;31.0;4.2;0.0;53.9;0;6.4;3.4
BAS;20230411;51.8;2.1;2.7;65.9;0;0.0;4.7
BAS;20230412;59.4;1.6;8.0;78.7;0;0.0;8.3
BAS;20230413;38.9;-3.1;0.4;69.1;0;3.5;4.6
BAS;20230414;25.2;0.3;0.0;60.9;0;9.4;2.1
BAS;20230415;28.8;-1.8;6.1;77.2;0;1.7;2.8
BAS;20230416;22.7;-4.5;3.0;89.2;0;0.0;2.0
BAS;20230417;32.8;-0.4;1.0;85.9;0;1.4;3.0
BAS;20230418;23.0;0.7;0.0;78.2;0;4.6;2.5
BAS;20230419;42.8;-1.3;5.4;78.9;0;0.0;4.6
BAS;20230420;22.3;-5.7;2.1;83.4;0;2.0;2.4
BAS;20230421;31.3;-1.7;0.2;77.6;0;5.0;3.5
BAS;20230422;49.3;6.4;0.1;68.8;0;0.4;5.6
BAS;20230423;62.6;5.6;1.1;70.3;0;5.0;5.0
BAS;20230424;53.6;-1.0;1.7;66.6;0;4.9;6.4
BAS;20230425;40.3;-2.4;5.0;82.3;0;2.8;4.8
BAS;20230426;17.6;-0.6;0.0;76.5;0;2.9;1.7
BAS;20230427;18.0;4.0;0.4;65.4;0;7.7;1.7
BAS;20230428;25.2;4.0;11.7;89.1;0;0.0;3.2
BAS;20230429;31.0;3.7;0.1;78.7;0;7.2;3.3
BAS;20230430;16.9;1.5;0.0;71.8;0;0.1;1.8

