 

stn;time;t12200ds;rka150d0;ure200d0;fhh010dx
STG;20220401;0.5;26.9;97.1;2.6
STG;20220402;-2.2;12.3;97.1;3.5
STG;20220403;-1.2;2.0;86.9;3.0
STG;20220404;2.2;0.0;72.2;4.7
STG;20220405;6.8;0.5;71.2;3.9
STG;20220406;14.6;0.2;70.5;5.0
STG;20220407;11.6;11.0;70.8;8.2
STG;20220408;13.0;4.4;67.9;7.7
STG;20220409;3.7;14.3;84.8;10.9
STG;20220410;4.4;0.0;65.3;2.8
STG;20220411;10.8;0.0;50.0;2.4
STG;20220412;16.2;0.0;48.1;1.8
STG;20220413;16.9;0.0;52.5;3.1
STG;20220414;17.2;0.0;60.0;3.0
STG;20220415;13.9;0.0;75.9;2.7
STG;20220416;9.4;0.0;75.9;5.2
STG;20220417;9.7;0.0;61.0;5.2
STG;20220418;11.0;0.0;54.7;3.2
STG;20220419;12.9;0.0;48.4;3.4
STG;20220420;11.1;0.0;60.8;4.1
STG;20220421;11.4;0.0;58.5;3.9
STG;20220422;9.4;0.0;71.9;2.3
STG;20220423;8.9;0.0;75.6;6.2
STG;20220424;10.1;15.4;77.1;7.6
STG;20220425;9.9;8.3;81.4;4.3
STG;20220426;8.0;9.4;84.6;4.4
STG;20220427;11.3;0.0;75.0;4.2
STG;20220428;13.4;0.0;65.3;3.5
STG;20220429;14.0;0.0;57.5;2.7
STG;20220430;11.5;9.5;84.0;3.9
STG;20220501;10.2;0.0;79.7;2.8
STG;20220502;13.1;0.0;69.2;3.0
STG;20220503;14.8;0.3;70.1;2.1
STG;20220504;14.2;2.1;76.1;3.0
STG;20220505;13.0;8.4;82.9;3.8
STG;20220506;9.9;5.1;95.8;2.8
STG;20220507;12.8;0.6;92.8;2.4
STG;20220508;13.8;0.0;87.9;4.4
STG;20220509;15.3;0.0;77.1;2.3
STG;20220510;19.4;0.0;62.6;3.2
STG;20220511;22.4;0.0;47.7;4.2
STG;20220512;23.1;0.1;50.8;5.4
STG;20220513;16.3;0.1;74.6;4.0
STG;20220514;19.0;0.0;65.5;2.9
STG;20220515;21.7;0.5;58.2;3.9
STG;20220516;22.3;5.9;67.4;5.6
STG;20220517;19.5;0.0;62.5;3.9
STG;20220518;22.1;0.0;58.8;3.5
STG;20220519;24.7;1.8;54.6;6.4
STG;20220520;26.7;1.1;51.3;6.0
STG;20220521;18.2;19.8;76.2;3.9
STG;20220522;18.7;0.0;74.2;4.6
STG;20220523;20.4;10.3;78.4;4.6
STG;20220524;10.6;14.7;87.3;4.3
STG;20220525;15.1;4.5;74.7;2.9
STG;20220526;16.3;0.0;62.8;3.1
STG;20220527;20.0;0.0;66.9;6.0
STG;20220528;13.5;0.2;66.6;4.3
STG;20220529;10.0;6.8;73.2;4.3
STG;20220530;13.3;0.0;62.7;3.2
STG;20220531;17.4;1.8;64.7;7.0
STG;20220601;16.5;3.5;79.2;3.4
STG;20220602;18.4;0.1;85.4;2.5
STG;20220603;20.5;16.1;78.0;4.0
STG;20220604;22.5;0.6;70.6;3.4
STG;20220605;19.0;26.6;80.5;5.1
STG;20220606;17.7;17.2;79.0;3.2
STG;20220607;17.3;8.6;82.6;3.8
STG;20220608;18.9;9.6;76.0;5.2
STG;20220609;13.0;17.9;82.6;3.8
STG;20220610;17.1;0.0;68.1;3.9
STG;20220611;20.3;0.0;58.8;3.7
STG;20220612;23.5;3.8;53.2;5.5
STG;20220613;17.4;4.8;75.6;4.7
STG;20220614;20.3;0.0;61.5;3.7
STG;20220615;25.9;0.0;53.7;4.4
STG;20220616;24.1;1.3;53.1;5.5
STG;20220617;22.7;0.0;48.3;2.9
STG;20220618;26.3;0.0;44.2;4.5
STG;20220619;29.0;0.0;39.8;5.5
STG;20220620;25.3;0.0;54.7;5.0
STG;20220621;22.2;4.5;78.5;5.4
STG;20220622;16.8;7.3;81.4;5.2
STG;20220623;23.4;10.1;69.6;5.6
STG;20220624;17.3;13.1;82.1;4.7
STG;20220625;20.7;0.0;64.5;3.5
STG;20220626;23.9;0.0;54.9;6.5
STG;20220627;20.2;4.7;79.6;6.2
STG;20220628;17.2;0.3;88.8;3.9
STG;20220629;19.9;0.0;76.5;2.5
STG;20220630;22.0;14.0;75.2;5.7
STG;20220701;12.8;24.7;88.7;5.1
STG;20220702;19.9;0.0;75.2;2.7
STG;20220703;24.0;0.9;54.1;4.8
STG;20220704;20.4;6.5;78.6;4.9
STG;20220705;20.1;6.3;73.4;2.9
STG;20220706;20.2;0.0;65.4;3.0
STG;20220707;18.6;0.0;68.0;5.1
STG;20220708;17.8;0.0;65.9;2.9
STG;20220709;19.5;0.0;62.6;2.6
STG;20220710;17.4;0.0;68.4;3.8
STG;20220711;18.8;0.0;65.5;3.3
STG;20220712;20.7;0.0;63.0;3.0
STG;20220713;25.4;0.0;44.0;2.9
STG;20220714;28.3;0.0;42.4;4.9
STG;20220715;21.8;0.0;58.0;2.6
STG;20220716;21.3;0.0;54.2;3.0
STG;20220717;23.1;0.0;51.6;3.0
STG;20220718;25.0;0.0;44.0;3.0
STG;20220719;27.8;0.0;46.8;2.2
STG;20220720;29.5;7.1;55.9;5.2
STG;20220721;22.5;0.0;74.0;3.0
STG;20220722;26.0;2.4;67.6;3.7
STG;20220723;19.8;7.4;77.0;6.3
STG;20220724;24.8;0.0;67.1;2.5
STG;20220725;29.8;2.7;53.4;6.1
STG;20220726;20.4;10.4;76.7;3.5
STG;20220727;20.8;0.0;64.2;2.3
STG;20220728;21.8;20.7;72.7;7.9
STG;20220729;19.4;2.8;74.7;4.3
STG;20220730;20.5;0.0;59.7;3.6
STG;20220731;23.6;0.0;50.3;3.7
STG;20220801;24.3;13.0;60.5;3.5
STG;20220802;22.2;0.0;70.5;4.9
STG;20220803;25.8;0.0;59.5;2.3
STG;20220804;30.4;0.0;47.1;4.1
STG;20220805;26.0;12.8;65.4;5.5
STG;20220806;14.4;3.3;95.7;3.4
STG;20220807;16.4;0.0;91.0;1.3
STG;20220808;21.1;0.0;74.0;3.6
STG;20220809;22.4;0.0;64.9;3.9
STG;20220810;22.2;0.0;62.4;4.0
STG;20220811;21.0;0.0;65.1;2.6
STG;20220812;21.7;0.0;58.8;4.8
STG;20220813;21.7;0.0;59.7;4.0
STG;20220814;23.8;0.0;57.0;4.8
STG;20220815;22.5;30.9;74.9;6.4
STG;20220816;22.4;0.0;58.4;4.5
STG;20220817;23.5;2.0;64.0;5.2
STG;20220818;17.7;32.4;90.3;2.9
STG;20220819;14.9;52.2;93.8;5.4
STG;20220820;19.5;27.9;84.0;4.4
STG;20220821;20.1;0.0;74.1;2.9
STG;20220822;21.0;0.0;64.8;3.2
STG;20220823;21.4;0.0;56.8;3.4
STG;20220824;22.4;0.0;62.3;4.0
STG;20220825;23.0;0.0;71.3;4.1
STG;20220826;25.0;34.2;67.7;6.7
STG;20220827;17.8;0.1;91.0;2.6
STG;20220828;20.3;0.0;84.9;3.3
STG;20220829;20.6;0.0;79.3;2.4
STG;20220830;22.8;0.0;72.9;3.2
STG;20220831;15.4;7.8;91.6;3.1
STG;20220901;16.9;0.0;82.9;3.4
STG;20220902;17.8;0.0;83.1;2.3
STG;20220903;14.6;6.0;75.1;4.0
STG;20220904;20.1;0.0;71.3;2.5
STG;20220905;22.3;0.0;66.7;2.9
STG;20220906;20.7;19.5;78.3;6.3
STG;20220907;21.4;6.4;75.7;3.7
STG;20220908;18.3;8.5;75.5;4.1
STG;20220909;14.1;1.4;71.6;3.5
STG;20220910;13.1;7.5;80.4;3.7
STG;20220911;16.0;0.0;77.0;3.8
STG;20220912;17.9;0.0;72.8;2.2
STG;20220913;21.8;0.0;59.7;3.5
STG;20220914;21.5;4.5;72.2;4.7
STG;20220915;16.6;11.3;83.5;5.0
STG;20220916;12.0;20.2;88.6;4.9
STG;20220917;8.0;9.9;86.9;5.1
STG;20220918;11.6;0.0;69.5;4.7
STG;20220919;10.2;0.6;68.9;5.2
STG;20220920;11.1;0.0;76.8;3.1
STG;20220921;12.6;0.0;75.3;4.7
STG;20220922;11.7;0.0;80.5;2.1
STG;20220923;16.8;0.0;72.8;4.9
STG;20220924;11.9;5.2;88.2;3.4
STG;20220925;11.3;13.7;93.0;2.9
STG;20220926;11.4;2.6;75.2;3.3
STG;20220927;7.3;12.8;85.2;5.8
STG;20220928;8.6;32.4;88.7;3.5
STG;20220929;7.3;8.5;94.5;2.0
STG;20220930;7.8;0.1;94.3;2.4
STG;20221001;9.6;17.9;87.7;5.2
STG;20221002;14.3;15.6;82.9;6.9
STG;20221003;11.5;1.9;88.1;2.3
STG;20221004;10.7;0.0;86.9;2.3
STG;20221005;19.8;0.0;46.8;3.7
STG;20221006;16.5;0.0;74.5;3.0
STG;20221007;14.1;0.0;87.3;2.8
STG;20221008;14.1;1.2;85.3;2.6
STG;20221009;8.8;0.0;95.4;2.6
STG;20221010;16.7;0.0;80.2;2.5
STG;20221011;15.2;0.0;88.8;2.8
STG;20221012;12.2;0.1;95.1;1.5
STG;20221013;14.9;5.1;87.8;2.7
STG;20221014;14.5;11.7;87.8;3.0
STG;20221015;15.4;2.6;77.1;4.2
STG;20221016;20.1;0.0;61.2;2.0
STG;20221017;17.8;0.0;67.7;1.8
STG;20221018;18.2;0.0;73.7;2.6
STG;20221019;14.1;0.0;93.7;2.5
STG;20221020;13.8;0.0;88.7;4.1
STG;20221021;14.1;8.5;86.7;4.7
STG;20221022;16.6;11.6;75.1;3.5
STG;20221023;16.3;4.6;65.0;7.8
STG;20221024;11.5;9.5;76.5;5.0
STG;20221025;13.9;1.1;78.2;3.3
STG;20221026;18.0;1.0;67.1;4.2
STG;20221027;16.0;0.0;64.9;3.8
STG;20221028;17.8;0.0;54.6;4.5
STG;20221029;22.5;0.0;58.2;1.4
STG;20221030;16.7;0.0;58.0;1.4
STG;20221031;13.8;0.0;68.1;1.5
STG;20221101;14.2;0.0;72.2;4.5
STG;20221102;10.9;0.0;80.4;3.1
STG;20221103;11.6;2.0;85.9;6.7
STG;20221104;8.9;5.0;75.8;3.3
STG;20221105;5.2;5.4;90.5;3.0
STG;20221106;6.2;0.0;77.9;3.5
STG;20221107;13.0;0.0;59.6;4.0
STG;20221108;13.9;0.0;51.6;2.6
STG;20221109;12.3;4.2;69.3;5.1
STG;20221110;8.5;3.2;93.5;2.5
STG;20221111;7.5;0.0;98.7;1.6
STG;20221112;6.2;0.1;99.9;1.2
STG;20221113;3.5;0.4;99.6;2.0
STG;20221114;11.3;3.6;65.9;4.6
STG;20221115;10.3;0.0;62.2;5.0
STG;20221116;10.5;4.0;77.8;3.5
STG;20221117;11.2;6.7;73.3;5.9
STG;20221118;6.6;12.4;86.0;5.3
STG;20221119;5.9;0.1;79.7;2.8
STG;20221120;5.3;1.9;77.8;4.2
STG;20221121;6.5;0.7;76.7;5.3
STG;20221122;4.2;5.1;82.3;3.4
STG;20221123;5.9;1.8;74.2;6.1
STG;20221124;5.8;3.8;76.4;4.0
STG;20221125;8.4;3.1;72.8;4.0
STG;20221126;4.8;0.0;87.5;3.3
STG;20221127;4.9;0.0;74.6;1.4
STG;20221128;8.7;0.2;57.8;4.0
STG;20221129;4.3;9.3;91.7;3.1
STG;20221130;1.2;2.8;97.7;2.7
STG;20221201;0.7;0.0;96.9;2.3
STG;20221202;2.0;0.0;91.6;1.4
STG;20221203;-1.5;0.0;99.4;1.8
STG;20221204;-0.6;0.0;99.8;2.2
STG;20221205;2.0;2.0;84.8;4.2
STG;20221206;1.5;0.0;90.8;1.4
STG;20221207;0.4;0.3;94.3;1.4
STG;20221208;1.0;0.0;87.1;1.8
STG;20221209;-1.1;1.7;98.0;1.3
STG;20221210;-1.5;8.7;98.6;1.6
STG;20221211;-5.6;4.9;87.3;2.1
STG;20221212;-6.0;0.0;87.5;1.8
STG;20221213;-8.0;0.3;96.4;1.5
STG;20221214;7.9;5.7;93.6;3.7
STG;20221215;-0.6;0.9;100.0;1.8
STG;20221216;-1.9;8.4;98.8;2.1
STG;20221217;-4.4;0.0;98.1;1.3
STG;20221218;-5.4;0.0;97.9;0.7
STG;20221219;6.4;0.0;55.7;3.0
STG;20221220;10.1;0.0;52.9;3.5
STG;20221221;8.6;2.0;73.2;4.4
STG;20221222;10.8;0.9;66.2;8.1
STG;20221223;10.7;8.2;81.5;7.6
STG;20221224;6.1;11.2;87.6;4.8
STG;20221225;9.4;0.2;77.4;3.1
STG;20221226;9.3;19.3;70.9;6.4
STG;20221227;5.0;0.1;81.3;5.8
STG;20221228;7.4;0.0;54.3;4.7
STG;20221229;11.9;1.3;50.3;4.9
STG;20221230;6.5;5.0;79.9;5.3
STG;20221231;13.3;0.1;58.9;4.3
STG;20230101;13.2;0.0;56.1;4.6
STG;20230102;12.0;0.0;58.7;3.9
STG;20230103;6.1;4.0;92.6;2.5
STG;20230104;8.4;0.3;68.9;5.0
STG;20230105;9.3;0.5;79.2;5.4
STG;20230106;6.8;0.0;83.4;2.5
STG;20230107;3.7;0.0;78.9;2.4
STG;20230108;4.5;1.6;75.0;3.5
STG;20230109;5.2;7.8;80.6;6.9
STG;20230110;3.3;1.8;73.5;5.5
STG;20230111;8.2;4.0;75.4;4.5
STG;20230112;5.9;0.0;62.2;4.8
STG;20230113;7.4;5.5;70.5;8.4
STG;20230114;7.4;0.0;59.6;4.6
STG;20230115;1.9;7.6;74.4;7.2
STG;20230116;0.3;0.6;60.8;5.7
STG;20230117;0.8;0.2;72.4;5.0
STG;20230118;-2.1;4.4;82.2;3.4
STG;20230119;-2.8;0.0;70.5;2.9
STG;20230120;-3.9;0.5;77.3;2.5
STG;20230121;-5.5;2.9;92.3;4.2
STG;20230122;-3.7;1.7;89.9;2.7
STG;20230123;-3.5;0.0;86.4;3.2
STG;20230124;-1.5;0.0;85.0;2.8
STG;20230125;-1.8;0.0;90.0;2.2
STG;20230126;-3.1;0.0;92.0;1.8
STG;20230127;-2.9;0.0;88.8;3.5
STG;20230128;-2.6;0.3;88.6;3.2
STG;20230129;-2.6;0.0;81.8;2.8
STG;20230130;0.7;0.2;77.6;5.5
STG;20230131;2.4;0.0;71.7;3.9
STG;20230201;3.2;0.0;68.4;6.3
STG;20230202;2.9;0.0;72.4;5.7
STG;20230203;5.2;1.1;70.2;5.2
STG;20230204;3.1;7.9;89.0;4.9
STG;20230205;2.9;8.2;88.2;2.4
STG;20230206;-1.9;0.0;93.7;2.0
STG;20230207;-4.1;0.0;90.7;2.1
STG;20230208;-4.9;0.0;88.4;1.9
STG;20230209;1.1;0.0;68.7;2.7
STG;20230210;0.4;0.0;68.0;2.2
STG;20230211;1.9;0.0;60.0;1.8
STG;20230212;3.8;0.0;71.1;2.3
STG;20230213;1.1;0.0;97.1;1.7
STG;20230214;2.3;0.0;68.9;0.7
STG;20230215;7.6;0.0;46.7;2.1
STG;20230216;8.6;0.0;44.7;2.5
STG;20230217;10.2;0.0;52.2;5.3
STG;20230218;12.6;0.0;70.4;4.8
STG;20230219;7.6;0.4;76.7;4.9
STG;20230220;10.2;0.0;64.4;3.2
STG;20230221;10.4;0.0;52.0;2.1
STG;20230222;12.7;0.0;59.5;3.9
STG;20230223;8.7;3.1;81.9;3.9
STG;20230224;10.1;17.3;77.0;4.7
STG;20230225;0.5;12.5;89.4;4.9
STG;20230226;-3.9;2.1;80.9;6.8
STG;20230227;-2.3;0.6;81.1;5.1
STG;20230228;-3.2;0.0;85.6;3.1
STG;20230301;-1.5;0.0;84.4;3.1
STG;20230302;0.3;0.0;87.5;2.1
STG;20230303;1.7;0.0;90.7;1.8
STG;20230304;4.8;0.0;84.4;3.5
STG;20230305;1.5;0.0;78.4;1.8
STG;20230306;1.4;0.0;72.0;3.6
STG;20230307;5.3;0.0;62.8;4.3
STG;20230308;8.3;3.2;69.0;6.3
STG;20230309;10.5;8.6;60.7;8.8
STG;20230310;6.2;5.4;70.9;8.8
STG;20230311;0.0;7.5;89.3;4.4
STG;20230312;6.2;3.7;81.3;4.6
STG;20230313;15.3;1.4;46.8;8.4
STG;20230314;6.6;12.3;78.3;8.1
STG;20230315;4.1;3.0;65.8;5.8
STG;20230316;6.7;0.0;56.3;1.8
STG;20230317;11.6;0.0;47.2;3.4
STG;20230318;12.5;0.0;52.5;3.3
STG;20230319;12.1;12.0;67.3;4.8
STG;20230320;8.3;1.0;81.1;4.0
STG;20230321;10.7;0.0;66.2;3.0
STG;20230322;15.8;0.0;56.1;3.9
STG;20230323;16.1;0.0;49.8;5.1
STG;20230324;10.7;9.8;77.7;5.1
STG;20230325;8.0;6.8;73.4;7.7
STG;20230326;7.0;8.1;75.7;7.1
STG;20230327;0.8;5.0;79.8;6.4
STG;20230328;4.2;1.2;64.9;3.3
STG;20230329;12.8;0.1;48.0;5.2
STG;20230330;10.5;4.0;60.2;7.0
STG;20230331;11.7;2.9;64.1;9.4
STG;20230401;6.9;1.1;71.7;6.8
STG;20230402;8.2;4.1;77.4;4.7
STG;20230403;1.8;0.3;83.7;4.6
STG;20230404;2.5;0.0;65.9;4.6
STG;20230405;4.4;0.0;56.9;3.0
STG;20230406;8.5;0.0;47.5;3.4
STG;20230407;8.6;0.0;64.9;4.2
STG;20230408;6.2;13.5;89.5;2.5
STG;20230409;7.7;0.0;76.8;3.2
STG;20230410;11.7;0.0;57.7;3.4
STG;20230411;6.4;17.0;73.8;4.9
STG;20230412;12.4;9.5;75.1;7.7
STG;20230413;6.1;0.9;77.4;4.1
STG;20230414;7.7;1.3;66.9;4.6
STG;20230415;7.6;10.4;66.0;4.2
STG;20230416;4.8;41.8;92.4;3.7
STG;20230417;8.4;1.0;84.3;4.2
STG;20230418;11.8;0.0;80.8;5.0
STG;20230419;8.0;10.9;89.8;5.2
STG;20230420;2.8;20.0;95.1;5.8
STG;20230421;12.6;0.0;86.0;2.8
STG;20230422;14.9;1.4;68.4;5.4
STG;20230423;13.7;17.6;82.5;4.9
STG;20230424;8.5;5.7;80.0;5.8
STG;20230425;7.0;5.4;77.8;5.0
STG;20230426;10.0;0.2;75.3;2.8
STG;20230427;12.2;0.4;69.6;2.9
STG;20230428;12.2;44.2;84.3;5.0
STG;20230429;15.9;0.0;75.8;3.9
STG;20230430;14.3;0.0;79.5;4.9

